patagonia={
	location=2868
	outgoing={
		name="laplata"
		path={
			1537 1536 
		}
		control={
			1641.000000 324.000000 1717.000000 353.000000 
		}
	}
	members={
		2868 2876 2869 786 2873 2874 780 781 782 783 1095 2870 2871 2875 784 785 2872 787 2863 2025 
	}
}
amazonas_node={
	location=2935
	outgoing={
		name="brazil"
		path={
			1529 1530 1531 
		}
		control={
			1846.000000 978.000000 1876.000000 985.000000 1891.000000 1001.000000 1977.000000 987.000000 2099.000000 923.000000 
		}
	}
	outgoing={
		name="carribean_trade"
		path={
			1529 1528 1576 1522 1520 1519 1517 1516 
		}
		control={
			1858.000000 1024.000000 1845.000000 1094.000000 1745.000000 1131.000000 1691.000000 1189.000000 1665.000000 1188.000000 1601.000000 1199.000000 1489.000000 1229.000000 
		}
	}
	members={
		1802 1803 2909 2910 2911 2929 2930 2931 2933 2934 2935 2889 2937 2938 2804 2811 742 743 744 2810 747 748 749 2890 2923 2924 2925 2926 2927 2928 745 746 2936 2815 2812 834 3410 
	}
}
rio_grande={
	location=2499
	outgoing={
		name="mississippi_river"
		path={
			1508 1507 
		}
		control={
			1169.000000 1464.000000 
		}
	}
	outgoing={
		name="mexico"
		path={
			1508 1509 2647 2646 
		}
		control={
			1130.000000 1418.000000 1127.000000 1342.000000 1089.000000 1315.000000 1097.000000 1276.000000 
		}
	}
	members={
		883 884 2666 2667 2668 2499 2497 2498 863 864 881 879 880 882 885 886 887 888 2496 2500 875 878 876 877 2495 2494 2493 2491 2492 2665 2669 892 896 891 889 890 2625 861 858 2614 2619 2618 
	}
}
california={
	location=2021
	outgoing={
		name="mexico"
		path={
			1556 1555 1554 1552 1551 
		}
		control={
			712.000000 1611.000000 753.000000 1528.000000 880.299988 1372.900024 959.590027 1311.500000 
		}
	}
	outgoing={
		name="mississippi_river"
		path={
			872 873 2019 2020 2006 2008 903 902 900 895 2014 893 1507 
		}
		control={
			692.000000 1642.000000 680.000000 1719.000000 692.000000 1769.000000 749.000000 1760.000000 794.000000 1775.000000 815.000000 1755.000000 811.000000 1727.000000 862.000000 1708.000000 893.000000 1735.000000 908.000000 1764.000000 931.000000 1761.000000 948.000000 1767.000000 986.000000 1781.000000 1028.000000 1803.000000 1063.000000 1772.000000 1067.000000 1737.000000 1099.000000 1708.000000 1123.000000 1702.000000 1150.000000 1643.000000 1175.000000 1639.000000 1236.000000 1607.000000 1208.000000 1557.000000 1195.000000 1504.000000 1225.000000 1474.000000 
		}
	}
	outgoing={
		name="girin"
		path={
			1557 1684 1686 1685 1683 1668 1669 1440 1387 1980 1850 2106 2108 730 
		}
		control={
			646.000000 1635.000000 445.000000 1694.000000 264.000000 1736.000000 71.000000 1762.000000 5490.000000 1767.000000 5087.000000 1708.000000 4891.000000 1682.000000 4840.000000 1686.000000 4794.000000 1670.000000 4705.000000 1683.000000 4686.000000 1702.000000 4662.000000 1714.000000 4631.000000 1707.000000 
		}
	}
	members={
		2616 862 865 866 2620 869 870 871 872 873 874 1808 1240 867 868 1997 2019 2020 2021 2476 2477 2478 2479 2480 2481 2482 2483 2484 2485 2486 2487 2488 2489 2490 2608 
	}
}
alaska={
	location=1561
	outgoing={
		name="girin"
		path={
			1561 1560 1680 1681 1668 1667 1441 1383 1384 1381 1379 1386 1378 
		}
		control={
			356.000000 2025.000000 237.000000 2009.000000 155.000000 1933.000000 60.000000 1878.000000 5467.000000 1861.000000 5223.000000 1903.000000 5101.000000 1851.000000 5037.000000 1950.000000 4957.000000 2018.000000 4855.000000 1992.000000 4850.000000 1899.000000 4829.830078 1774.589966 4737.000000 1688.000000 4670.000000 1715.000000 4632.000000 1709.000000 
		}
	}
	members={
		1561 2601 2611 978 2612 977 2613 976 2022 2609 975 974 2610 2604 2605 2003 2607 973 972 1038 2440 1035 1034 1810 1812 4567 4568
	}
}
girin={
	location=730
	color={
		41 82 45 
	}
	outgoing={
		name="siberia"
		path={
			2109 722 721 1057 1060 1062 1064 
		}
		control={
			4616.000000 1744.000000 4577.000000 1783.000000 4599.000000 1827.000000 4614.000000 1867.000000 4567.000000 1902.000000 4511.000000 1902.000000 4472.000000 1875.000000 4412.000000 1868.000000 4339.000000 1874.000000 4252.000000 1874.000000 4234.000000 1954.000000 4225.000000 2014.000000 
		}
	}
	outgoing={
		name="beijing"
		path={
			2110 726 704 1816 
		}
		control={
			4595.000000 1719.000000 4564.000000 1692.000000 4528.000000 1677.000000 4506.000000 1660.000000 
		}
	}
	outgoing={
		name="nippon"
		path={
			732 1377 1376 
		}
		control={
			4631.000000 1705.000000 4674.000000 1707.000000 4693.000000 1640.000000 
		}
	}
	members={
		732 1850 729 1050 1048 1049 2107 2108 2109 2110 2111 2187 2188 2106 2186 724 725 1058 2102 2104 2105 1053 727 728 731 2103 2185 730 1033 1036 1037 1039 1040 1041 1043 1044 1045 1046 1047 1051 1052 1783 2435 2439 2446 2694 2742 2743 3346 2598 3748 3749 3750 4553 4555 4556 4557 4558 4559 4560 4561 4562 4563 4564 4565 4566 4569 4570 4571 4572 4573 4574 4575 
	}
}
mississippi_river={
	location=1507
	outgoing={
		name="carribean_trade"
		path={
			1506 1505 1525 1516 
		}
		control={
			1320.000000 1432.000000 1352.000000 1392.000000 1431.920044 1359.630005 1477.000000 1331.000000 
		}
	}
	outgoing={
		name="ohio"
		path={
			921 2528 939 
		}
		control={
			1206.000000 1502.000000 1221.000000 1559.000000 1250.000000 1604.000000 
		}
	}
	members={
		893 894 895 897 898 899 900 901 902 903 904 905 917 918 919 920 921 922 1507 2006 2007 2008 2014 909 906 907 908 939 2501 2502 2503 2504 2506 2507 2512 2513 2514 2515 2516 2528 2529 2530 2532 916 2520 
	}
}
ohio={
	location=940
	color={
		129 214 238 
	}
	inland=yes
	outgoing={
		name="chesapeake_bay"
		path={
			948 2011 
		}
		control={
			1314.000000 1638.000000 1349.000000 1629.000000 1373.000000 1650.000000 1392.000000 1669.000000 1424.000000 1676.000000 1471.000000 1635.000000 
		}
	}
	outgoing={
		name="st_lawrence"
		path={
			946 991 
		}
		control={
			1313.000000 1663.000000 1336.000000 1687.000000 1396.000000 1707.000000 1402.000000 1721.000000 1430.000000 1726.000000 1485.000000 1754.000000 1515.000000 1773.000000 1540.000000 1790.000000 1563.000000 1814.000000 1595.000000 1827.000000 1626.000000 1830.000000 
		}
	}
	members={
		940 948 943 2524 2525 2526 946 947 942 2523 2519 2527 2531 935 2548 951 2551 941 934 915 914 911 945 2521 2522 944 987 954 2555 958 2670 2586 2587 913 912 2518 2517 910 1007 2015 1001 2671 988 
	}
}
mexico={
	location=1551
	outgoing={
		name="carribean_trade"
		path={
			847 848 1510 1511 1512 1518 1516 
		}
		control={
			1149.000000 1252.000000 1158.000000 1301.000000 1207.000000 1354.000000 1274.000000 1361.000000 1316.000000 1336.000000 1373.000000 1330.000000 
		}
	}
	outgoing={
		name="panama"
		path={
			1550 1549 1548 835 
		}
		control={
			1115.000000 1232.000000 1220.000000 1202.000000 1290.000000 1138.000000 1376.000000 1111.000000 
		}
	}
	outgoing={
		name="nippon"
		path={
			1552 1554 1694 1693 1692 1601 1670 1669 1440 1391 1390 1376 
		}
		control={
			950.000000 1248.000000 779.000000 1302.000000 360.000000 1255.000000 50.950001 1308.849976 
		}
	}
	members={
		1551 841 842 844 845 846 847 848 849 850 851 852 853 854 855 856 857 859 2615 2617 2621 2622 2623 2624 2626 2627 2628 2629 2630 2631 2632 2633 2635 2638 2641 2642 2643 2644 2645 2646 2647 2648 2649 2650 2651 2657 860 843 2634 2652 2600 2595 
	}
}
lhasa={
	location=677
	inland=yes
	outgoing={
		name="kashmir"
		path={
			2129 2128 2074 508 
		}
		control={
			4012.000000 1481.000000 3956.000000 1484.000000 3906.000000 1507.000000 3879.000000 1536.000000 3841.000000 1556.000000 3817.000000 1568.000000 
		}
	}
	outgoing={
		name="chengdu"
		path={
			2132 2167 675 679 
		}
		control={
			4106.000000 1477.000000 4140.000000 1499.000000 4175.000000 1469.000000 4199.000000 1434.000000 4239.000000 1474.000000 
		}
	}
	members={
		677 2129 2128 676 2070 2071 705 2130 557 565 2134 3448 
	}
}
chengdu={
	location=679
	inland=yes
	outgoing={
		name="canton"
		path={
			680 673 2163 2165 665 667 1371 
		}
		control={
			4309.000000 1475.000000 4353.000000 1500.000000 4394.000000 1476.000000 4403.000000 1440.000000 4404.000000 1412.000000 4410.000000 1395.000000 4398.000000 1371.000000 
		}
	}
	outgoing={
		name="xian"
		path={
			2169 689 700 
		}
		control={
			4307.000000 1514.000000 4341.000000 1536.000000 
		}
	}
	outgoing={
		name="ganges_delta"
		path={
			675 2167 2166 583 588 586 1345 1344 1343 
		}
		control={
			4243.000000 1442.000000 4227.000000 1416.000000 4205.000000 1405.000000 4182.000000 1388.000000 4175.000000 1378.000000 4176.000000 1341.000000 4158.000000 1312.000000 4160.000000 1268.000000 4122.000000 1248.000000 4081.000000 1286.000000 4056.000000 1319.000000 
		}
	}
	members={
		2040 588 679 2132 2167 675 678 2135 2170 2131 2133 582 583 587 660 661 2165 2166 680 2168 2169 2395 2396 2397 2398 2400 2401 2748 3455 3456 3457 3460 3461 
	}
}
canton={
	location=1371
	outgoing={
		name="malacca"
		path={
			1394 1367 1362 1361 
		}
		control={
			4389.000000 1288.000000 4388.000000 1145.000000 4324.000000 1049.000000 4289.680176 1020.320007 
		}
	}
	outgoing={
		name="hangzhou"
		path={
			1372 1824 684 
		}
		control={
			4481.000000 1367.000000 4540.000000 1433.000000 4556.000000 1481.000000 
		}
	}
	outgoing={
		name="philippines"
		path={
			1394 1397 
		}
		control={
			4493.000000 1261.000000 4521.000000 1222.000000 4541.000000 1220.000000 4558.000000 1238.000000 4584.000000 1228.000000 
		}
	}
	members={
		2161 1371 610 613 616 662 663 664 665 666 667 668 672 673 674 738 1016 1840 2155 2156 2157 2158 2159 2160 2162 2163 2164 2173 2174 2371 2372 3360 3361 3362 3363 3364 3831 
	}
}
australia={
	location=1412
	outgoing={
		name="the_moluccas"
		path={
			1411 1407 1410 1409 1401 1357 
		}
		control={
			5037.000000 644.000000 4963.000000 723.000000 4884.000000 845.000000 4786.000000 855.000000 4690.000000 908.000000 4617.000000 897.000000 
		}
	}
	members={
		1085 1086 1087 1088 1089 1090 1091 1092 1093 1106 1107 1108 1109 1236 1242 1243 1244 1246 1239 1238 1790 1791 1094 1084 1412 1986 1987 1989 2719 2720 2721 2722 2723 2726 2727 2728 2729 2730 2731 2732 2733 2734 2735 2736 2737 2738 2739 3339 1237 3358 3573 
	}
}
nippon={
	location=1376
	outgoing={
		name="hangzhou"
		path={
			1389 1373 684 
		}
		control={
			4645.000000 1536.000000 4605.000000 1504.000000 
		}
	}
	members={
		1376 734 735 736 737 1012 1013 1014 1017 1018 1019 1020 1021 1023 1024 1025 1026 1027 1028 1029 1030 1031 1032 1818 1819 1820 1825 1830 1832 1835 1837 1839 1843 1847 1852 2741 2745 3347 3341 3343 3344 3348 3623 2005 2672 3006 3007 3018 3156 3201 3203 3333 3337 3374 3477 1809 1913 3478 3479 
	}
}
hangzhou={
	location=684
	outgoing={
		name="xian"
		path={
			686 687 1836 700 
		}
		control={
			4479.000000 1502.000000 4431.000000 1546.000000 4398.000000 1560.000000 
		}
	}
	outgoing={
		name="beijing"
		path={
			684 1373 1374 1375 
		}
		control={
			4554.370117 1512.900024 4573.000000 1597.000000 
		}
	}
	outgoing={
		name="malacca"
		path={
			1373 1392 1393 1395 1368 1360 1361 
		}
		control={
			4573.000000 1484.000000 4582.000000 1421.000000 4525.000000 1331.000000 4493.000000 1274.000000 4453.000000 1131.000000 4399.000000 1076.000000 4339.000000 1038.000000 4315.000000 1013.000000 
		}
	}
	members={
		669 670 671 682 683 684 685 686 1015 1821 1822 1824 1829 1833 1838 1897 2141 2142 2143 2144 2145 2146 2147 2148 2149 2150 2151 2152 2153 2175 2176 2154 3340 
	}
}
xian={
	location=700
	inland=yes
	outgoing={
		name="beijing"
		path={
			1836 692 2137 2140 691 2138 1375 1816 
		}
		control={
			4369.000000 1569.000000 4386.000000 1575.000000 4401.000000 1572.000000 4428.000000 1574.000000 4449.000000 1591.000000 4466.000000 1604.000000 4483.000000 1614.000000 4492.000000 1631.000000 
		}
	}
	outgoing={
		name="yumen"
		path={
			689 698 706 707 
		}
		control={
			4328.000000 1576.000000 4309.000000 1609.000000 4267.000000 1618.000000 4223.000000 1645.000000 4180.000000 1652.000000 
		}
	}
	members={
		702 681 2172 709 700 689 687 2171 1836 694 2178 2181 2180 2177 698 699 701 688 692 693 2179 2182 2183 2184 2747 
	}
}
beijing={
	location=1816
	outgoing={
		name="yumen"
		path={
			695 696 697 701 709 707 
		}
		control={
			4469.000000 1634.000000 4444.000000 1663.000000 4411.000000 1665.000000 4342.000000 1649.000000 4250.000000 1664.000000 
		}
	}
	members={
		690 691 704 726 703 722 1816 695 696 697 1845 733 723 2136 2137 2138 2139 2140 2112 2113 2114 2115 2744 3349 3342 3345 3832 4575 4576 4577 4578 4579 4580 4581
	}
}
philippines={
	location=1397
	outgoing={
		name="the_moluccas"
		path={
			1399 1357 
		}
		control={
			4580.000000 1203.000000 4578.000000 1171.000000 4571.000000 1160.000000 4565.000000 1148.000000 4542.000000 1136.000000 4536.000000 1110.000000 4609.000000 1063.000000 4609.000000 1018.000000 4577.000000 980.000000 4571.000000 934.000000 
		}
	}
	outgoing={
		name="panama"
		path={
			1403 1434 1676 1734 1735 1736 1740 1741 1711 1708 1702 1547 1548 835 
		}
		control={
			4683.000000 1186.000000 4782.000000 1120.000000 4961.000000 1049.000000 5173.000000 1014.000000 5534.000000 915.000000 5780.970215 903.960022 403.000000 927.000000 639.000000 915.000000 881.000000 887.000000 1086.000000 879.000000 1233.000000 925.000000 1342.000000 1050.000000 1387.000000 1110.000000 
		}
	}
	members={
		651 652 653 654 655 656 657 658 1235 1241 1990 1991 1992 1993 1994 1995 1996 2697 2698 2699 2700 2701 2702 1397 3350 3351 3352 3353 3354 
	}
}
the_moluccas={
	location=1357
	outgoing={
		name="malacca"
		path={
			1358 1360 
		}
		control={
			4480.000000 903.000000 4366.000000 946.000000 4318.000000 995.000000 
		}
	}
	members={
		646 2687 2688 2689 2690 2718 2724 1357 1245 647 645 2717 648 649 650 2725 2696 2695 635 633 634 643 2713 2714 642 2715 641 2716 632 627 2691 631 2693 629 2692 628 626 625 630 624 644 3338 1789 3507 3574 3506 3505 3607 3608 3609 3613 3614 3615 
	}
}
gulf_of_siam={
	location=1365
	color={
		84 152 93 
	}
	outgoing={
		name="malacca"
		path={
			1364 1362 1361 
		}
		control={
			4236.890137 1130.449951 4266.000000 1084.000000 4281.000000 1027.000000 
		}
	}
	members={
		589 592 600 601 602 603 604 605 606 609 607 608 611 612 614 615 1817 1823 1844 1022 1365 2373 2374 2375 2376 2377 2378 2379 2380 2381 2382 2383 2384 2385 2386 2387 2388 2389 3359 3365 3366 3367 3368 3369 3370 3371 3372 3467 3468 3469 3470 3471 3472 3473 3474 3475 
	}
}
malacca={
	location=1361
	outgoing={
		name="ganges_delta"
		path={
			1348 1347 1345 1344 1343 
		}
		control={
			4197.000000 1071.000000 4156.000000 1129.000000 4127.000000 1224.000000 4086.000000 1267.000000 
		}
	}
	outgoing={
		name="zanzibar"
		path={
			1352 1624 1623 1621 1620 1617 1450 1448 
		}
		control={
			4308.000000 972.000000 4290.000000 913.000000 4128.000000 908.000000 3992.080078 892.909973 3815.000000 908.000000 3653.000000 928.000000 3509.000000 919.000000 3396.000000 890.000000 
		}
	}
	members={
		593 594 595 596 597 598 599 617 618 619 620 621 622 623 636 637 638 639 640 659 1361 1998 1999 2390 2391 2392 2393 2394 2673 2674 2675 2676 2677 2678 2679 2680 2681 2682 2683 2684 2685 2686 2703 2704 2705 2706 2707 2708 2709 2710 2711 2712 2740 3610 3611 3612 3616 3617 3618 3619 3620 3621 3463 3464 3465 3466 
	}
}
siberia={
	location=1064
	inland=yes
	outgoing={
		name="kazan"
		path={
			1062 1064 479 472 475 1082 
		}
		control={
			3945.000000 1989.000000 3867.000000 1967.000000 3734.000000 2001.000000 3683.000000 1952.000000 3619.000000 1888.000000 3554.000000 1867.000000 3546.000000 1863.000000 3535.310059 1864.569946 3526.419922 1867.689941 3513.000000 1871.000000 3512.000000 1897.000000 3513.000000 1912.000000 3519.000000 1925.000000 3510.000000 1933.000000 3512.000000 1937.000000 3506.000000 1943.000000 3502.000000 1942.000000 3503.000000 1947.000000 3499.000000 1947.000000 3499.000000 1951.000000 3493.000000 1949.000000 3485.000000 1954.000000 3476.000000 1957.000000 3468.000000 1956.000000 3460.000000 1958.000000 3456.000000 1956.000000 3453.000000 1952.000000 3448.000000 1953.000000 3440.000000 1948.000000 3433.000000 1948.000000 3413.000000 1945.000000 3408.000000 1942.000000 3403.000000 1948.000000 
		}
	}
	outgoing={
		name="samarkand"
		path={
			478 477 1969 457 454 
		}
		control={
			3959.000000 1957.000000 3856.000000 1856.000000 3759.000000 1820.000000 3710.000000 1736.000000 3708.000000 1682.000000 
		}
	}
	members={
		1782 1781 1071 479 979 1054 1055 1056 1057 1059 1060 1061 1062 1063 1064 1065 1067 1068 1070 1069 1073 1074 1080 1078 1075 1076 2357 2369 2427 2428 2429 2430 2431 2432 2433 2434 2436 2437 2442 2443 2445 1072 2438 1042 3735 3736 3737 3739 3740 3743 3744 3745 3746 3747 3495 4528 4529 4530 4531 4532 4533 4534 4535 4536 4539 4547 4548 4549 4550 4551 4552 4554 
	}
}
yumen={
	location=707
	inland=yes
	outgoing={
		name="samarkand"
		path={
			713 1786 739 1785 452 1967 454 
		}
		control={
			4088.000000 1660.000000 3997.000000 1672.000000 3932.000000 1672.000000 3864.000000 1647.000000 3823.000000 1650.000000 3766.000000 1671.000000 3723.000000 1660.000000 
		}
	}
	members={
		712 710 1786 706 707 708 711 713 714 715 716 717 718 719 720 721 1066 1784 2116 2117 2118 2119 2120 2121 2122 2123 2124 2192 2189 2190 2191 2193 2194 
	}
}
kashmir={
	location=508
	color={
		63 150 30 
	}
	inland=yes
	outgoing={
		name="samarkand"
		path={
			578 451 450 453 454 
		}
		control={
			3764.000000 1555.000000 3740.000000 1563.000000 3725.000000 1568.000000 3713.000000 1587.000000 3714.000000 1603.000000 3695.000000 1613.000000 3698.000000 1632.000000 
		}
	}
	outgoing={
		name="doab"
		path={
			2076 507 2065 520 524 
		}
		control={
			3813.000000 1543.000000 3791.000000 1511.000000 3832.000000 1480.000000 3854.000000 1457.000000 
		}
	}
	members={
		448 451 452 507 508 509 447 2225 578 1787 739 1785 2073 2074 2075 2076 2077 2078 2126 2127 2226 2227 2125 460 2200 3382 3383 3384 3385 3386 4541 4542 4543 4544
	}
}
doab={
	location=524
	inland=yes
	outgoing={
		name="goa"
		path={
			525 740 2057 527 2036 2034 1946 2030 
		}
		control={
			3856.000000 1404.000000 3851.000000 1383.000000 3840.000000 1360.000000 3821.000000 1342.000000 3796.000000 1333.000000 3801.000000 1304.000000 3801.000000 1264.000000 
		}
	}
	outgoing={
		name="ganges_delta"
		path={
			2063 556 2095 558 2044 563 564 1343 
		}
		control={
			3883.000000 1430.000000 3912.000000 1411.000000 3932.000000 1404.000000 3964.000000 1417.000000 4006.000000 1412.000000 4033.000000 1374.000000 
		}
	}
	members={
		551 519 525 2063 512 558 524 510 2060 2061 2062 2065 511 554 550 559 2069 2094 523 2055 2047 520 556 2097 2095 2044 2059 555 522 2064 2066 3430 3432 3433 3375 3376 3377 3378 3379 3380 3381 3436 3431 2096 
	}
}
ganges_delta={
	location=1343
	outgoing={
		name="comorin_cape"
		path={
			1342 1341 1340 
		}
		control={
			3953.000000 1275.000000 3907.000000 1205.000000 3925.000000 1109.000000 3879.000000 1099.000000 
		}
	}
	members={
		573 1343 547 549 552 553 560 561 562 563 564 566 567 568 570 571 574 579 580 581 584 585 586 590 591 1788 1815 1950 2038 2039 2041 2042 2043 2045 2046 2048 2049 2080 2081 2082 2091 2098 2399 2402 2403 2404 3409 3414 3421 3422 3426 3427 3428 3429 3373 3435 3447 3449 3450 3451 3452 3453 3454 3458 3462 3459 
	}
}
comorin_cape={
	location=1340
	outgoing={
		name="gulf_of_aden"
		path={
			1615 1451 1331 
		}
		control={
			3727.000000 1130.000000 3549.000000 1163.000000 
		}
	}
	outgoing={
		name="goa"
		path={
			1339 2030 
		}
		control={
			3807.000000 1176.000000 
		}
	}
	members={
		533 534 535 536 537 538 539 540 542 543 572 1101 1248 1340 1947 1949 2026 2027 2031 2037 2083 2084 2085 2090 2099 2100 2101 3141 3142 3143 3144 3400 3401 3402 3403 3404 3405 3406 3407 3408 3417 3418 3420 3423 3424 3425 3396 3397 3398 
	}
}
goa={
	location=2030
	outgoing={
		name="indus"
		path={
			1338 1337 504 
		}
		control={
			3770.000000 1267.000000 3752.000000 1315.000000 3714.000000 1344.000000 
		}
	}
	outgoing={
		name="gulf_of_aden"
		path={
			1339 1615 1451 1331 
		}
		control={
			3746.000000 1228.000000 3672.000000 1216.000000 3535.000000 1222.000000 3470.000000 1208.000000 
		}
	}
	members={
		740 2057 530 531 532 2089 2030 2034 516 517 529 2036 526 527 544 545 2029 1946 569 2033 546 548 2092 541 2032 2035 1948 2028 2050 3136 3137 3138 3139 3140 3419 3416 3392 3393 3394 3395 3399 3434 
	}
}
indus={
	location=504
	color={
		135 104 85 
	}
	outgoing={
		name="gulf_of_aden"
		path={
			1336 1333 1332 1331 
		}
		control={
			3644.000000 1366.000000 3579.000000 1317.000000 3484.000000 1230.000000 
		}
	}
	outgoing={
		name="hormuz"
		path={
			1336 1334 
		}
		control={
			3609.000000 1393.000000 
		}
	}
	outgoing={
		name="samarkand"
		path={
			576 577 448 451 450 453 454 
		}
		control={
			3700.000000 1410.000000 3695.000000 1434.000000 3693.000000 1490.000000 3674.000000 1512.000000 3700.000000 1539.000000 3709.000000 1557.000000 3683.000000 1579.000000 3680.000000 1606.000000 3666.000000 1622.000000 
		}
	}
	members={
		503 504 505 506 513 514 515 518 521 528 576 577 2051 2052 2053 2054 2056 2058 2067 2068 2072 2079 2086 2087 2088 2093 2231 3135 3387 3388 3389 3390 3391 3437 
	}
}
gulf_of_aden={
	location=1331
	outgoing={
		name="zanzibar"
		path={
			1446 1447 1448 
		}
		control={
			3455.000000 1168.000000 3408.000000 1071.000000 3315.000000 983.000000 
		}
	}
	outgoing={
		name="alexandria"
		path={
			1330 1329 1328 361 358 
		}
		control={
			3394.000000 1198.000000 3345.000000 1200.000000 3339.000000 1206.000000 3333.000000 1200.000000 3320.000000 1200.000000 3307.000000 1213.000000 3285.000000 1242.000000 3256.969971 1256.410034 3258.000000 1318.000000 3243.000000 1330.000000 3248.000000 1339.000000 3244.000000 1343.000000 3235.000000 1350.000000 3215.000000 1394.000000 3171.000000 1441.000000 3159.060059 1455.930054 3146.000000 1481.000000 3140.000000 1504.000000 3133.000000 1513.000000 3111.000000 1520.000000 
		}
	}
	outgoing={
		name="hormuz"
		path={
			1332 1333 1334 
		}
		control={
			3501.000000 1264.000000 3583.000000 1354.000000 
		}
	}
	members={
		2775 2782 2783 2786 2788 2789 2790 2793 2794 2795 1331 2024 386 387 388 389 390 391 401 402 1099 1205 1206 1209 1212 1215 1230 2341 2342 2343 2344 2345 2346 2765 3622 3778 2335 
	}
}
hormuz={
	location=1334
	outgoing={
		name="basra"
		path={
			2219 1335 
		}
		control={
			3520.000000 1430.000000 3496.000000 1420.000000 3461.000000 1427.000000 3431.000000 1448.000000 
		}
	}
	members={
		400 403 431 399 2218 2219 2223 432 2234 434 435 2220 2233 397 398 404 575 2230 2232 2224 2229 1334 2333 2999 3415 3438 3803 4495 4496 
	}
}
great_lakes={
	location=1649
	color={
		20 30 20 
	}
	outgoing={
		name="zanzibar"
		path={
			1649 3557 1798 1202 
		}
		control={
			3146.000000 975.000000 3172.000000 958.000000 3207.000000 969.000000 3243.000000 949.000000 
		}
	}
	outgoing={
		name="kongo"
		path={
			3558 3563 3564 3549 3551 3545 3543 
		}
		control={
			3141.000000 1016.000000 3129.000000 997.000000 3110.000000 990.000000 3115.000000 974.000000 3085.000000 963.000000 3082.000000 951.000000 3050.000000 954.000000 3025.000000 952.000000 
		}
	}
	members={
		3549 3550 3551 3552 3553 3554 3555 3556 3557 3558 3559 3560 3561 3562 3563 3564 3565 3566 3537 3543 3545 3544 3571 3586 3582 1798 1649 3589 
	}
}
kongo={
	location=3542
	color={
		200 200 200 
	}
	outgoing={
		name="ivory_coast"
		path={
			3542 3523 3524 3512 3511 3510 3502 2505 
		}
		control={
			3005.000000 929.000000 2988.000000 945.000000 2958.000000 941.000000 2907.000000 957.000000 2891.000000 957.000000 2886.000000 946.000000 2880.000000 941.000000 2868.000000 932.000000 2852.000000 925.000000 2813.000000 922.000000 
		}
	}
	outgoing={
		name="zambezi"
		path={
			3542 3540 3536 3587 1190 1188 1191 
		}
		control={
			3030.000000 908.000000 3051.000000 882.000000 3065.000000 839.000000 3079.000000 804.000000 3046.000000 763.000000 3125.000000 759.000000 3148.000000 762.000000 
		}
	}
	members={
		3542 3501 3502 3503 3508 3509 3510 3511 3512 3513 3514 3515 3516 3517 3518 3522 3523 3524 3525 3526 3527 3528 3529 3532 3533 3534 3535 3541 2510 1168 1169 1901 1170 798 2949 2948 1171 2508 2009 3540 3539 
	}
}
zambezi={
	location=1191
	color={
		0 200 200 
	}
	outgoing={
		name="zanzibar"
		path={
			119 1187 1186 1192 788 1195 1196 1197 1199 1201 
		}
		control={
			3184.000000 735.000000 3189.000000 727.000000 3204.000000 715.000000 3223.000000 736.000000 3264.000000 755.000000 3266.000000 794.000000 3264.000000 831.000000 3247.000000 881.000000 3252.000000 910.000000 
		}
	}
	members={
		1191 3577 3578 3579 3580 3581 3583 3584 3585 3587 1800 3531 3588 3530 3536 3538 1187 2951 2952 1184 3576 1189 1190 1188 2950 1185 3575 
	}
}
zanzibar={
	location=1448
	outgoing={
		name="cape_of_good_hope"
		path={
			1449 1456 1457 1458 1459 1460 
		}
		control={
			3289.000000 833.000000 3289.000000 747.000000 3217.000000 686.000000 3212.000000 609.000000 3154.000000 514.000000 3064.000000 442.000000 
		}
	}
	members={
		1448 788 1100 1102 1103 1183 1186 1192 1193 1194 1195 1196 1197 1198 1199 1200 1201 1202 1203 1204 1792 1799 1900 2796 2774 3590 3591 3592 3593 3594 3595 3596 3597 3598 3599 3600 3601 3602 3603 3604 3605 3606 3504 
	}
}
cape_of_good_hope={
	location=1460
	outgoing={
		name="ivory_coast"
		path={
			1461 1462 1463 1464 1465 1466 
		}
		control={
			2874.000000 488.000000 2821.000000 626.000000 2799.000000 749.000000 2817.000000 867.000000 2758.000000 958.000000 2733.000000 1050.000000 
		}
	}
	members={
		1460 789 833 1174 1175 1176 1177 1178 1179 1180 1181 1182 1801 1173 2856 2864 2880 3335 3332 3334 3331 3546 3547 
	}
}
basra={
	location=1335
	outgoing={
		name="aleppo"
		path={
			408 409 406 382 377 
		}
		control={
			3400.000000 1479.000000 3391.000000 1492.000000 3384.000000 1496.000000 3378.000000 1500.000000 3366.000000 1501.000000 3345.000000 1508.000000 3338.000000 1510.000000 3334.000000 1516.000000 3330.000000 1524.000000 3329.000000 1534.000000 3321.000000 1542.000000 3308.000000 1546.000000 3294.000000 1560.000000 3286.000000 1561.000000 3278.000000 1561.000000 3275.000000 1565.000000 3270.000000 1571.000000 3268.000000 1575.000000 3261.000000 1580.000000 3258.000000 1584.000000 3251.000000 1586.000000 3244.000000 1587.000000 3236.000000 1586.000000 3232.000000 1591.000000 
		}
	}
	outgoing={
		name="persia"
		path={
			412 413 428 426 
		}
		control={
			3400.000000 1479.000000 3391.000000 1492.000000 3384.000000 1496.000000 3378.000000 1500.000000 3379.000000 1504.000000 3378.000000 1511.000000 3372.000000 1517.000000 3368.000000 1522.000000 3366.000000 1527.000000 3357.000000 1531.000000 3349.000000 1528.000000 3340.000000 1535.000000 3333.000000 1539.000000 3337.000000 1552.000000 3343.000000 1558.000000 3345.000000 1563.000000 3352.000000 1572.000000 3357.000000 1572.000000 3370.000000 1572.000000 3379.000000 1569.000000 3406.000000 1568.000000 3423.000000 1598.000000 3438.000000 1603.000000 3457.000000 1601.000000 
		}
	}
	members={
		392 393 394 396 406 408 409 410 412 413 430 1335 2209 2210 2217 2311 2312 2328 2336 2337 2338 2339 2340 2347 395 3117 3329 3330 3440 3441 3444 3804 3806 3808 3809 3810 3814 3815 4489 4493 4494 4500 4501 4502 
	}
}
samarkand={
	location=454
	inland=yes
	outgoing={
		name="persia"
		path={
			442 441 438 437 427 426 
		}
		control={
			3672.000000 1658.000000 3658.000000 1661.000000 3643.000000 1657.000000 3635.000000 1649.000000 3632.000000 1642.000000 3637.000000 1638.000000 3640.000000 1632.000000 3642.000000 1627.000000 3620.000000 1613.000000 3589.000000 1605.000000 3593.000000 1598.000000 3594.000000 1590.000000 3589.000000 1588.000000 3583.000000 1590.000000 3578.000000 1590.000000 3571.000000 1593.000000 3558.000000 1603.000000 3549.000000 1609.000000 3539.000000 1613.000000 3532.000000 1617.000000 3524.000000 1617.000000 3517.000000 1621.000000 3508.000000 1621.000000 3499.000000 1622.000000 3491.000000 1613.000000 3474.000000 1612.000000 3468.000000 1601.000000 
		}
	}
	outgoing={
		name="astrakhan"
		path={
			442 440 443 470 465 464 
		}
		control={
			3672.000000 1658.000000 3658.000000 1661.000000 3643.000000 1657.000000 3635.000000 1649.000000 3632.000000 1642.000000 3626.000000 1646.000000 3623.000000 1647.000000 3620.000000 1652.000000 3614.000000 1656.000000 3612.000000 1664.000000 3606.000000 1671.000000 3603.000000 1679.000000 3593.000000 1682.000000 3583.000000 1690.000000 3578.000000 1696.000000 3573.000000 1700.000000 3569.000000 1700.000000 3563.000000 1707.000000 3562.000000 1712.000000 3562.000000 1722.000000 3550.000000 1753.000000 3519.000000 1764.000000 3471.000000 1777.000000 3466.000000 1785.000000 3445.000000 1786.000000 3427.000000 1773.000000 3400.000000 1762.000000 
		}
	}
	members={
		440 441 442 444 445 446 449 450 453 454 455 456 457 459 471 472 476 477 1967 1969 1970 1973 461 478 2228 2370 2362 2363 2356 2364 2368 2355 2360 2354 2361 2358 2352 2351 2353 2359 458 1968 3496 3497 3498 4537 4538 4540 4545 4546
	}
}
persia={
	location=426
	color={
		204 119 31 
	}
	inland=yes
	outgoing={
		name="aleppo"
		path={
			1326 421 2202 2205 418 407 377 
		}
		control={
			3457.000000 1601.000000 3438.000000 1603.000000 3419.000000 1615.000000 3404.000000 1623.000000 3409.000000 1645.000000 3403.000000 1650.000000 3399.000000 1659.000000 3394.000000 1657.000000 3392.000000 1654.000000 3385.000000 1652.000000 3378.000000 1649.000000 3370.000000 1643.000000 3358.000000 1638.000000 3345.000000 1643.000000 3335.000000 1654.000000 3324.000000 1659.000000 3303.000000 1642.000000 3282.000000 1638.000000 3268.000000 1636.000000 3254.000000 1630.000000 3247.000000 1621.000000 3235.000000 1613.000000 3229.000000 1611.000000 3231.000000 1602.000000 
		}
	}
	outgoing={
		name="anatolia"
		path={
			1326 421 
		}
		control={
			3457.000000 1601.000000 3438.000000 1603.000000 3419.000000 1615.000000 3404.000000 1623.000000 3409.000000 1645.000000 3403.000000 1650.000000 3399.000000 1659.000000 3394.000000 1657.000000 3392.000000 1654.000000 3385.000000 1652.000000 3378.000000 1649.000000 3370.000000 1643.000000 3358.000000 1638.000000 3345.000000 1643.000000 3335.000000 1654.000000 3324.000000 1659.000000 3318.000000 1660.000000 3312.000000 1661.000000 3307.000000 1659.000000 3303.000000 1661.000000 3293.000000 1659.000000 3271.000000 1658.000000 3244.000000 1659.000000 3230.000000 1656.000000 3221.000000 1655.000000 
		}
	}
	outgoing={
		name="tbilisi"
		path={
			1326 421 2202 2205 418 407 377 
		}
		control={
			3457.000000 1601.000000 3438.000000 1603.000000 3419.000000 1615.000000 3404.000000 1623.000000 3409.000000 1645.000000 3403.000000 1650.000000 3399.000000 1659.000000 3392.000000 1659.000000 3380.000000 1662.000000 3374.000000 1670.000000 3369.000000 1674.000000 3356.000000 1675.000000 3347.000000 1680.000000 3343.000000 1681.000000 3337.000000 1689.000000 3323.000000 1694.000000 3308.000000 1698.000000 3294.000000 1698.000000 3286.000000 1698.000000 3279.000000 1683.000000 3258.000000 1678.000000 
		}
	}
	outgoing={
		name="astrakhan"
		path={
			442 440 443 470 465 464 
		}
		control={
			3457.000000 1601.000000 3438.000000 1603.000000 3419.000000 1615.000000 3413.000000 1646.000000 3417.000000 1662.000000 3429.000000 1657.000000 3427.000000 1672.000000 3405.000000 1689.000000 3386.000000 1719.000000 3395.000000 1757.000000 
		}
	}
	members={
		414 415 416 417 421 424 426 427 428 429 433 436 437 438 2206 2207 2211 2212 2213 2214 2215 2216 2221 2222 2235 2236 2349 2350 3115 3116 3439 3442 3443 3445 3446 3476 3499 3687 3794 3795 3796 3799 3800 3801 3802 2307 4480 4481 4482 4483 4484 4485 4486 4487 4488 4491 4492 4499 4503 
	}
}
aleppo={
	location=377
	outgoing={
		name="constantinople"
		path={
			1317 1848 322 317 1320 
		}
		control={
			3206.000000 1593.000000 3202.000000 1592.000000 3199.000000 1589.000000 3188.000000 1592.000000 3173.000000 1596.000000 3170.000000 1590.000000 3153.000000 1586.000000 3135.000000 1589.000000 3118.000000 1602.000000 3115.000000 1590.000000 3097.000000 1588.000000 3081.000000 1601.000000 3079.000000 1591.000000 3071.000000 1585.000000 3058.000000 1597.000000 3049.000000 1609.000000 3041.000000 1616.000000 3037.000000 1639.000000 3040.000000 1653.000000 3044.000000 1658.000000 3047.000000 1659.000000 3051.000000 1663.000000 3057.000000 1667.000000 3073.000000 1668.000000 
		}
	}
	outgoing={
		name="anatolia"
		path={
			1317 322 
		}
		control={
			3231.000000 1602.000000 3229.000000 1611.000000 3235.000000 1613.000000 3247.000000 1621.000000 3250.000000 1625.000000 3248.000000 1628.000000 3243.000000 1630.000000 3236.000000 1633.000000 3243.000000 1640.000000 3238.000000 1646.000000 3236.000000 1649.000000 3230.000000 1656.000000 3221.000000 1655.000000 
		}
	}
	outgoing={
		name="alexandria"
		path={
			1316 1315 358 
		}
		control={
			3206.000000 1593.000000 3202.000000 1592.000000 3199.000000 1589.000000 3187.000000 1586.000000 3195.000000 1572.000000 3191.000000 1558.000000 3181.000000 1534.000000 3163.000000 1511.000000 3133.000000 1513.000000 3111.000000 1520.000000 
		}
	}
	members={
		321 377 378 407 411 1849 382 1855 418 381 405 2306 2308 2309 2310 2313 2314 3118 3119 3120 3121 3658 3660 3805 3840 3841 3845 3846 3847 3848 3849 3850 3854 3855 3856 3859 3862 3863 3864 3865 3866 3867 3868 3869 3870 3871 3872 3873 3876 3880 3884 4583
	}
}
katsina={
	location=1149
	inland=yes
	outgoing={
		name="timbuktu"
		path={
			1148 2273 2269 1133 2262 1132 
		}
		control={
			2716.000000 1212.000000 2692.000000 1195.000000 2657.000000 1227.000000 2641.000000 1260.000000 2619.000000 1276.000000 
		}
	}
	outgoing={
		name="tunis"
		path={
			352 341 
		}
		control={
			2760.000000 1258.000000 2801.000000 1334.000000 2843.000000 1345.000000 2866.000000 1385.000000 2829.000000 1411.000000 2852.000000 1427.000000 2905.000000 1451.000000 2935.000000 1489.000000 2914.000000 1504.000000 2889.000000 1513.000000 2879.000000 1530.000000 2853.909912 1537.640015 2848.000000 1536.000000 2844.000000 1539.000000 2821.000000 1543.000000 2806.000000 1558.000000 2814.000000 1574.000000 2811.000000 1577.000000 2814.000000 1585.000000 2811.000000 1609.000000 
		}
	}
	outgoing={
		name="alexandria"
		path={
			352 358 
		}
		control={
			2770.000000 1193.000000 2809.000000 1208.000000 2845.000000 1220.000000 2877.000000 1215.000000 2957.000000 1208.000000 3015.000000 1211.000000 3077.000000 1209.000000 3139.000000 1209.000000 3146.000000 1219.000000 3141.000000 1229.000000 3140.000000 1236.000000 3144.000000 1243.000000 3145.000000 1250.000000 3145.000000 1253.000000 3150.000000 1265.000000 3163.000000 1271.000000 3165.000000 1279.000000 3169.000000 1287.000000 3165.000000 1297.000000 3161.000000 1309.000000 3155.000000 1314.000000 3143.000000 1305.000000 3139.000000 1304.000000 3129.000000 1291.000000 3116.000000 1298.000000 3112.000000 1317.000000 3115.000000 1325.000000 3112.000000 1333.000000 3118.000000 1342.000000 3127.000000 1353.000000 3130.000000 1358.000000 3140.000000 1367.000000 3143.000000 1364.000000 3147.000000 1370.000000 3151.000000 1375.000000 3152.000000 1401.000000 3147.000000 1406.000000 3145.000000 1412.000000 3148.000000 1421.000000 3140.000000 1421.000000 3127.000000 1437.000000 3119.000000 1448.000000 3119.000000 1460.000000 3123.000000 1471.000000 3126.000000 1483.000000 3119.000000 1494.000000 
		}
	}
	members={
		2292 1143 1144 2289 1146 1162 1145 1152 1153 1150 1154 1155 1156 1157 1158 1159 1160 1161 1249 1149 1148 2273 2272 2274 2275 2276 2277 2278 2279 2280 2281 2282 2283 2284 2285 2286 2287 2288 2293 2475 3904 
	}
}
ethiopia={
	location=1224
	inland=yes
	outgoing={
		name="alexandria"
		path={
			1232 2321 361 358 
		}
		control={
			3213.000000 1193.000000 3181.000000 1199.000000 3173.000000 1202.000000 3168.000000 1212.000000 3162.000000 1220.000000 3162.000000 1232.000000 3151.000000 1248.000000 3145.000000 1253.000000 3150.000000 1265.000000 3163.000000 1271.000000 3165.000000 1279.000000 3169.000000 1287.000000 3165.000000 1297.000000 3161.000000 1309.000000 3155.000000 1314.000000 3143.000000 1305.000000 3139.000000 1304.000000 3129.000000 1291.000000 3116.000000 1298.000000 3112.000000 1317.000000 3115.000000 1325.000000 3112.000000 1333.000000 3118.000000 1342.000000 3127.000000 1353.000000 3130.000000 1358.000000 3140.000000 1367.000000 3143.000000 1364.000000 3147.000000 1370.000000 3151.000000 1375.000000 3152.000000 1401.000000 3147.000000 1406.000000 3145.000000 1412.000000 3148.000000 1421.000000 3140.000000 1421.000000 3127.000000 1437.000000 3119.000000 1448.000000 3119.000000 1460.000000 3123.000000 1471.000000 3126.000000 1483.000000 3119.000000 1494.000000 
		}
	}
	members={
		774 1217 1218 1222 2756 2757 2758 2759 2760 2761 2762 2763 2764 2772 2791 2778 2784 2785 2792 2797 2773 2766 2767 2768 2769 2770 2771 2779 2780 2781 2787 1224 1213 1223 1214 1216 1221 2800 2801 2802 1229 1225 1226 1227 1220 1207 1208 1210 1211 2798 2799 1219 2776 2777 2932 2323 
	}
}
tunis={
	location=341
	color={
		146 134 57 
	}
	outgoing={
		name="sevilla"
		path={
			340 339 1301 1294 1293 
		}
		control={
			2801.000000 1611.000000 2786.000000 1616.000000 2769.000000 1609.000000 2760.000000 1606.000000 2751.000000 1611.000000 2718.000000 1607.000000 2676.000000 1606.000000 2632.899902 1591.349976 2625.000000 1586.000000 2616.000000 1589.000000 2600.000000 1577.000000 2573.000000 1581.000000 2559.000000 1587.000000 
		}
	}
	outgoing={
		name="barcelona"
		path={
			1302 1301 1295 
		}
		control={
			2801.000000 1611.000000 2786.000000 1616.000000 2769.000000 1609.000000 2760.000000 1606.000000 2751.000000 1611.000000 2718.000000 1607.000000 2695.000000 1618.000000 2678.000000 1645.000000 2677.000000 1648.000000 2670.000000 1648.000000 2654.000000 1669.000000 
		}
	}
	outgoing={
		name="genua"
		path={
			1302 1300 1297 
		}
		control={
			2806.000000 1609.000000 2828.000000 1619.000000 2815.000000 1631.000000 2787.000000 1639.000000 2780.000000 1643.000000 2775.000000 1635.000000 2761.000000 1642.000000 2759.000000 1662.000000 2752.000000 1693.000000 2776.000000 1724.000000 
		}
	}
	outgoing={
		name="alexandria"
		path={
			1302 
		}
		control={
			2811.000000 1609.000000 2816.000000 1584.000000 2811.000000 1577.000000 2815.000000 1574.000000 2806.000000 1558.000000 2821.000000 1543.000000 2843.000000 1541.000000 2848.000000 1536.000000 2854.000000 1540.000000 2880.000000 1532.000000 2915.000000 1515.000000 2938.000000 1531.000000 2949.000000 1538.000000 2965.000000 1532.000000 2967.000000 1542.000000 3001.000000 1536.000000 3072.000000 1514.000000 
		}
	}
	members={
		338 339 340 341 350 351 352 353 354 355 1882 2448 2449 2450 2451 2452 2453 2454 2455 2456 2457 2458 2459 2462 2472 2473 2474 2954 3270 3271 3272 3305 3310 3306 3312 3311 3307 3308 3313 3336 3825 3836 3837 3838 3839 3903 3905 3907 3908 3909 3910 3911 3912 3913 3914 3915 3916 3917 3918 3919 3920 3921 3922 3923 3924 3925 3926 3927 
	}
}
alexandria={
	location=358
	color={
		200 200 102 
	}
	outgoing={
		name="constantinople"
		path={
			362 363 1316 1932 318 317 1320 
		}
		control={
			3102.389893 1522.650024 3092.000000 1559.000000 3069.000000 1584.000000 3056.000000 1596.000000 3040.000000 1614.000000 3030.000000 1634.000000 3037.000000 1652.000000 3044.000000 1658.000000 3047.000000 1659.000000 3051.000000 1663.000000 3057.000000 1667.000000 3073.000000 1668.000000 
		}
	}
	outgoing={
		name="ragusa"
		path={
			1315 1318 145 1773 144 143 1310 1309 1308 
		}
		control={
			3097.000000 1521.000000 3060.000000 1559.000000 3048.000000 1577.000000 3032.000000 1583.000000 3027.000000 1580.000000 3022.000000 1583.000000 2990.000000 1590.000000 2975.000000 1600.000000 2974.000000 1604.000000 2966.000000 1605.000000 2953.000000 1623.000000 2945.000000 1647.000000 2935.000000 1663.000000 2935.000000 1679.000000 2940.000000 1687.000000 2933.000000 1689.000000 2926.000000 1697.000000 
		}
	}
	outgoing={
		name="genua"
		path={
			357 1314 1313 1306 1302 1303 1298 1297 
		}
		control={
			3068.000000 1513.000000 2999.000000 1534.000000 2969.000000 1540.000000 2966.000000 1534.000000 2958.000000 1537.000000 2911.000000 1585.000000 2882.000000 1599.000000 2876.000000 1606.000000 2881.000000 1611.000000 2879.000000 1621.000000 2881.000000 1633.000000 2871.000000 1654.000000 2851.000000 1668.000000 2853.000000 1675.000000 2839.000000 1678.000000 2817.000000 1682.000000 2797.000000 1702.000000 2792.000000 1708.000000 2796.000000 1722.000000 2789.000000 1724.000000 
		}
	}
	members={
		1232 383 384 385 356 357 358 359 360 361 362 363 364 365 379 380 1228 1233 1234 1854 1231 2315 2316 2317 2318 2319 2320 2321 2322 2324 2325 2326 2327 2329 2330 2331 2332 3266 3314 3292 3293 3291 3807 3811 3812 3813 3816 3817 3818 3819 3822 3823 3824 3874 3875 3877 3878 3879 3881 3882 3883 3885 3886 3887 3888 3889 3890 3891 3892 3894 3895 3896 3897 3898 3899 3900 3901 3902 
	}
}
astrakhan={
	location=464
	inland=yes
	outgoing={
		name="kazan"
		path={
			466 303 1081 1082 
		}
		control={
			3377.000000 1786.000000 3358.000000 1803.000000 3354.000000 1811.000000 3343.000000 1813.000000 3332.000000 1815.000000 3335.000000 1821.000000 3339.000000 1824.000000 3340.000000 1829.000000 3344.000000 1835.000000 3347.000000 1843.000000 3354.000000 1848.000000 3350.000000 1855.000000 3356.000000 1859.000000 3352.000000 1865.000000 3356.000000 1870.000000 3364.000000 1877.000000 3366.000000 1874.000000 3374.000000 1880.000000 3383.000000 1881.000000 3389.000000 1885.000000 3391.000000 1892.000000 3396.000000 1896.000000 3394.000000 1901.000000 3403.000000 1904.000000 3415.000000 1903.000000 3420.000000 1906.000000 3408.000000 1909.000000 3403.000000 1910.000000 3402.000000 1918.000000 3393.000000 1926.000000 3400.000000 1931.000000 3401.000000 1940.000000 3408.000000 1942.000000 3403.000000 1948.000000 
		}
	}
	outgoing={
		name="crimea"
		path={
			468 287 1323 
		}
		control={
			3377.000000 1786.000000 3358.000000 1803.000000 3354.000000 1811.000000 3343.000000 1813.000000 3334.000000 1815.000000 3317.000000 1814.000000 3312.000000 1811.000000 3307.000000 1801.000000 3303.000000 1800.000000 3292.000000 1796.000000 3276.000000 1796.000000 3268.000000 1792.000000 3264.000000 1789.000000 3249.000000 1787.000000 3225.000000 1781.000000 3211.000000 1757.000000 3208.000000 1750.000000 3202.000000 1747.000000 
		}
	}
	members={
		288 303 425 439 443 464 465 466 467 468 469 470 474 1971 2198 2199 2208 2365 2367 2366 2409 2415 2416 2417 2418 2419 3662 3663 3664 3665 3666 3667 3668 3669 3670 3671 3672 3673 3723 2197 4345 4344 4341 4338 4339 4340 4343 4348 4349 4351 3493 3494 
	}
}
tbilisi={
	location=330
	color={
		40 164 157 
	}
	outgoing={
		name="constantinople"
		path={
			1322 1321 1320 
		}
		control={
			3252.000000 1679.000000 3221.000000 1681.000000 3202.000000 1690.000000 3190.000000 1690.000000 3185.000000 1698.000000 3155.000000 1697.000000 3150.000000 1693.000000 3139.000000 1694.000000 3120.000000 1683.000000 3096.000000 1683.000000 
		}
	}
	outgoing={
		name="crimea"
		path={
			468 287 1323 
		}
		control={
			3258.000000 1678.000000 3279.000000 1683.000000 3286.000000 1698.000000 3276.000000 1709.000000 3255.000000 1720.000000 3254.000000 1724.000000 3247.000000 1726.000000 3234.000000 1735.000000 3218.000000 1744.000000 3202.000000 1747.000000 
		}
	}
	members={
		330 331 419 420 422 423 462 1856 2196 2201 2202 2203 2204 2205 3123 3124 3125 3126 3127 3128 3680 3681 3682 3683 3684 3685 3686 3688 3674 3661 2304 3656 328 1846 325 3655 3653 2305 4473 4474 4475 4477 4478 4479 4504 4505 4506 4507 4508 4509 4510 4511 4522 
	}
}
crimea={
	location=1324
	color={
		59 158 125 
	}
	outgoing={
		name="kiev"
		path={
			284 282 281 280 
		}
		control={
			3169.000000 1733.000000 3141.000000 1755.000000 3128.000000 1775.000000 3143.000000 1776.000000 3150.000000 1780.000000 3158.000000 1781.000000 3162.000000 1783.000000 3167.000000 1789.000000 3172.000000 1795.000000 3184.000000 1795.000000 3187.000000 1799.000000 3185.000000 1803.000000 3185.000000 1812.000000 3168.000000 1819.000000 3140.000000 1831.000000 3129.000000 1837.000000 3127.000000 1841.000000 3118.000000 1844.000000 
		}
	}
	outgoing={
		name="constantinople"
		path={
			1322 1321 1320 
		}
		control={
			3169.000000 1733.000000 3141.000000 1741.000000 3106.000000 1741.000000 3088.000000 1719.000000 3074.000000 1706.000000 3079.000000 1692.000000 3092.000000 1684.000000 
		}
	}
	outgoing={
		name="moscow"
		path={
			284 282 281 280 
		}
		control={
			3202.000000 1747.000000 3208.000000 1750.000000 3211.000000 1757.000000 3225.000000 1781.000000 3249.000000 1787.000000 3264.000000 1789.000000 3268.000000 1792.000000 3276.000000 1796.000000 3292.000000 1796.000000 3303.000000 1800.000000 3307.000000 1801.000000 3312.000000 1811.000000 3317.000000 1814.000000 3317.000000 1819.000000 3322.000000 1822.000000 3324.000000 1825.000000 3320.000000 1828.000000 3318.000000 1831.000000 3314.000000 1832.000000 3310.000000 1829.000000 3302.000000 1834.000000 3289.000000 1834.000000 3281.000000 1835.000000 3275.000000 1840.000000 3269.000000 1844.000000 3262.000000 1844.000000 3262.000000 1851.000000 3258.000000 1856.000000 3258.000000 1859.000000 3248.000000 1861.000000 3250.000000 1865.000000 3246.000000 1874.000000 3248.000000 1881.000000 3244.000000 1888.000000 3246.000000 1894.000000 3249.000000 1901.000000 3247.000000 1909.000000 3237.000000 1916.000000 3240.000000 1935.000000 3242.000000 1944.000000 3234.000000 1947.000000 
		}
	}
	outgoing={
		name="pest"
		path={
			284 282 281 280 
		}
		control={
			3169.000000 1733.000000 3138.000000 1747.000000 3109.000000 1756.000000 3100.000000 1756.000000 3093.000000 1756.000000 3085.000000 1753.000000 3074.000000 1755.000000 3072.000000 1745.000000 3074.000000 1739.000000 3071.000000 1735.000000 3062.000000 1732.000000 3057.000000 1733.000000 3044.000000 1729.000000 3034.000000 1724.000000 3020.000000 1726.000000 3015.000000 1724.000000 3005.000000 1728.000000 2996.000000 1727.000000 2994.000000 1729.000000 2996.000000 1732.000000 2989.000000 1736.000000 2989.000000 1740.000000 2991.000000 1740.000000 2989.000000 1742.000000 2981.000000 1740.000000 2974.000000 1743.000000 2968.000000 1745.000000 
		}
	}
	members={
		1323 284 285 286 287 463 1322 1974 2195 2406 2410 2411 2412 2413 2414 2447 283 3411 3412 3675 3676 3677 3678 3679 3709 3710 3720 1324 282 3717 3096 3752 3754 1756 3129 2405 2998 3133 159 3285 3722 3130 3134 268 4406 4412 4394 4395 4397 4398 4258 4259 4257 4256 4322 4321 4326 4324 4323 4327 4328 4329 4325 4331 4330 4334 4333 4332 4268 4335 4337 4336 4392 4472 4476 
	}
}
anatolia={
	location=329
	outgoing={
		name="constantinople"
		control={
			3207.000000 1651.000000 3198.000000 1642.000000 3195.000000 1642.000000 3180.000000 1636.000000 3162.000000 1644.000000 3157.000000 1651.000000 3138.000000 1654.000000 3132.000000 1659.000000 3125.000000 1660.000000 3110.000000 1661.000000 3101.000000 1671.000000 3091.000000 1671.000000 
		}
	}
	members={
		322 323 324 326 327 329 332 1848 2298 2300 2301 2302 2303 3108 3109 3111 3112 3113 3114 3122 3262 3263 3487 3491 3492 3649 3648 3261 3646 3651 3652 3654 3657 3637 3644 3860 3645 3636 3843 3851 3852 3853 3861 4419 4365 4512 4513 4514 4515 4519 
	}
}
pest={
	location=141
	outgoing={
		name="wien"
		path={
			1864 135 134 
		}
		control={
			2962.000000 1742.000000 2959.000000 1743.000000 2959.000000 1745.000000 2955.000000 1745.000000 2953.000000 1747.000000 2953.000000 1750.000000 2948.000000 1753.000000 2938.000000 1753.000000 2933.000000 1754.000000 2935.000000 1756.000000 2932.000000 1759.000000 2933.000000 1762.000000 2929.000000 1767.000000 2932.000000 1771.000000 2932.000000 1777.000000 2933.000000 1781.000000 2933.000000 1786.000000 2932.000000 1790.000000 2934.000000 1795.000000 2934.000000 1800.000000 2927.000000 1800.000000 2922.000000 1799.000000 2918.000000 1799.000000 2914.000000 1799.000000 2907.000000 1804.000000 2904.000000 1806.000000 2902.000000 1806.000000 
		}
	}
	outgoing={
		name="ragusa"
		path={
			1767 1864 
		}
		control={
			2969.000000 1731.000000 2972.000000 1717.000000 2963.000000 1710.000000 2955.000000 1700.000000 2940.000000 1695.650024 2924.000000 1702.000000 
		}
	}
	outgoing={
		name="constantinople"
		path={
			1767 1864 
		}
		control={
			2969.000000 1731.000000 2980.000000 1716.000000 2998.000000 1708.000000 3013.000000 1699.000000 3033.000000 1696.000000 3047.000000 1689.000000 3055.000000 1683.000000 3073.000000 1682.000000 3087.000000 1677.000000 
		}
	}
	members={
		158 160 161 1951 1952 3131 3132 3232 3233 3286 3776 3777 150 3260 3759 2746 3766 3238 156 1954 3834 3770 141 3833 3035 3151 3771 1767 3767 140 155 157 162 1953 3234 3828 3235 3287 3237 3236 154 153 1318 3239 1864 4247 4248 4251 4232 4236 4233 4250 4234 4235 4261 4260 4252 4262 4255 4253 4249 4254 4432 4428 4427 4409 4413 4420 4421 4393 4410 4430 4423 4433 4455 4457 4466 4467 4468 4469 4470 4471 
	}
}
constantinople={
	location=1320
	color={
		158 41 140 
	}
	outgoing={
		name="ragusa"
		path={
			149 1765 1766 138 137 
		}
		control={
			3073.000000 1669.000000 3057.000000 1667.000000 3051.000000 1663.000000 3047.000000 1659.000000 3044.000000 1658.000000 3040.000000 1655.000000 3019.000000 1652.000000 3025.000000 1635.000000 3022.000000 1623.000000 3020.000000 1616.000000 3013.000000 1610.000000 2998.000000 1588.000000 2975.000000 1600.000000 2974.000000 1604.000000 2966.000000 1605.000000 2953.000000 1623.000000 2945.000000 1647.000000 2935.000000 1663.000000 2935.000000 1679.000000 2940.000000 1687.000000 2933.000000 1689.000000 2913.000000 1705.000000 
		}
	}
	outgoing={
		name="genua"
		path={
			149 1765 1766 138 137 
		}
		control={
			3073.000000 1669.000000 3057.000000 1667.000000 3051.000000 1663.000000 3047.000000 1659.000000 3044.000000 1658.000000 3040.000000 1655.000000 3019.000000 1652.000000 3025.000000 1635.000000 3022.000000 1623.000000 3020.000000 1616.000000 3013.000000 1610.000000 2998.000000 1588.000000 2990.000000 1590.000000 2975.000000 1600.000000 2974.000000 1604.000000 2966.000000 1605.000000 2946.000000 1617.000000 2887.000000 1609.000000 2879.000000 1621.000000 2881.000000 1633.000000 2871.000000 1654.000000 2851.000000 1668.000000 2853.000000 1675.000000 2839.000000 1678.000000 2817.000000 1682.000000 2797.000000 1702.000000 2792.000000 1708.000000 2796.000000 1722.000000 2789.000000 1724.000000 
		}
	}
	members={
		144 145 146 147 149 151 1765 148 164 316 317 318 319 320 1320 1764 2296 2297 2299 2348 2750 3001 3106 3105 3107 3110 3259 3264 3265 3480 3481 3482 3483 3484 3485 3486 3638 3639 3640 3641 3642 3643 3647 3650 3755 3756 3757 3758 3760 3842 3844 3857 3858 3939 3950 3659 163 3951 3003 3761 3773 3104 3774 1773 3775 3034 1853 3762 3033 4390 4389 4386 4391 4385 4387 4388 4380 4407 4411 4417 4414 4415 4426 4434 4424 4431 4425 4378 4381 4382 4383 4396 4379 4377 4376 4366 4367 4404 4403 4368 4402 4416 4238 4237 4369 4239 4364 4245 4246 4244 4243 4241 4240 4400 4401  4408 4516 4517 4518 4520 4521 4527 
	}
}
kazan={
	location=1082
	inland=yes
	outgoing={
		name="novgorod"
		path={
			306 307 308 312 310 
		}
		control={
			3399.000000 1955.000000 3389.000000 1956.000000 3384.000000 1962.000000 3370.000000 1962.000000 3365.000000 1966.000000 3352.000000 1963.000000 3345.000000 1961.000000 3337.000000 1961.000000 3331.000000 1961.000000 3323.000000 1967.000000 3314.000000 1973.000000 3309.000000 1985.000000 3299.000000 1988.000000 3280.000000 1989.000000 3274.000000 1995.000000 3266.000000 1993.000000 3261.000000 1991.000000 3255.000000 1996.000000 3247.000000 2000.000000 3242.000000 2003.000000 3238.000000 2007.000000 3236.000000 2012.000000 3230.000000 2019.000000 3231.000000 2023.000000 3235.000000 2021.000000 3238.000000 2025.000000 3237.000000 2032.000000 3234.000000 2036.000000 3228.000000 2044.000000 3216.000000 2055.000000 3194.000000 2061.000000 3185.000000 2063.000000 3179.000000 2061.000000 3172.000000 2059.000000 3168.000000 2060.000000 3161.000000 2055.000000 3153.000000 2051.000000 3139.000000 2051.000000 3118.000000 2036.000000 
		}
	}
	outgoing={
		name="moscow"
		path={
			306 307 308 312 310 
		}
		control={
			3399.000000 1955.000000 3389.000000 1956.000000 3384.000000 1962.000000 3370.000000 1962.000000 3365.000000 1966.000000 3352.000000 1963.000000 3345.000000 1961.000000 3337.000000 1961.000000 3331.000000 1961.000000 3324.000000 1966.000000 3322.000000 1963.000000 3316.000000 1963.000000 3309.000000 1963.000000 3308.000000 1958.000000 3300.000000 1956.000000 3293.000000 1949.000000 3293.000000 1945.000000 3289.000000 1939.000000 3288.000000 1935.000000 3280.000000 1938.000000 3277.000000 1932.000000 3278.000000 1927.000000 3270.000000 1927.000000 3263.000000 1929.000000 3257.000000 1931.000000 3256.000000 1936.000000 3251.000000 1936.000000 3247.000000 1940.000000 3242.000000 1944.000000 
		}
	}
	members={
		304 305 473 475 1077 1079 1081 1082 1083 1962 1965 1966 1972 2420 2421 2422 2423 2441 2444 3172 3176 3177 3178 3711 3712 3741 3742 4347 4350 4352 4357 4358 4355 4359 4354 4353 4356 4360 1963 
	}
}
moscow={
	location=295
	color={
		186 147 10 
	}
	inland=yes
	outgoing={
		name="novgorod"
		path={
			306 307 308 312 310 
		}
		control={
			3222.000000 1954.000000 3217.000000 1953.000000 3211.000000 1953.000000 3204.000000 1951.000000 3193.000000 1973.000000 3178.000000 1987.000000 3149.000000 2000.000000 3127.000000 2007.000000 3127.000000 2011.000000 3134.000000 2020.000000 3136.000000 2027.000000 3142.000000 2038.000000 3139.000000 2051.000000 3118.000000 2036.000000 
		}
	}
	outgoing={
		name="kiev"
		path={
			284 282 281 280 
		}
		control={
			3234.000000 1947.000000 3242.000000 1944.000000 3239.000000 1936.000000 3227.000000 1935.000000 3220.000000 1936.000000 3213.000000 1927.000000 3207.000000 1927.000000 3199.000000 1928.000000 3175.000000 1921.000000 3176.000000 1911.000000 3173.000000 1905.000000 3168.000000 1899.000000 3167.000000 1893.000000 3158.000000 1886.000000 3157.000000 1879.000000 3153.000000 1876.000000 3151.000000 1872.000000 3137.000000 1868.000000 3128.000000 1870.000000 3120.000000 1864.000000 3118.000000 1858.000000 
		}
	}
	members={
		294 295 296 299 298 300 301 302 306 307 308 1752 1753 1754 1778 1956 2408 3161 3162 3163 3166 3167 3168 3169 3170 3171 3173 3174 3175 3181 3183 3190 3191 3192 3193 3195 3196 3197 3700 3701 3702 3703 3704 3705 3706 3707 3708 4310 4320 4307 4308 4309 4314 4315 4316 4313 4312 4311 4342 4346 1957 
	}
}
kiev={
	location=280
	inland=yes
	outgoing={
		name="novgorod"
		path={
			278 292 275 311 310 
		}
		control={
			3114.000000 1862.000000 3116.000000 1868.000000 3114.000000 1872.000000 3118.000000 1879.000000 3112.000000 1887.000000 3109.000000 1891.000000 3106.000000 1898.000000 3111.000000 1905.000000 3110.000000 1912.000000 3112.000000 1919.000000 3111.000000 1925.000000 3116.000000 1936.000000 3115.000000 1953.000000 3114.000000 1957.000000 3110.000000 1960.000000 3115.000000 1969.000000 3119.000000 1978.000000 3126.000000 1984.000000 3131.000000 1997.000000 3127.000000 2007.000000 3127.000000 2011.000000 3134.000000 2020.000000 3136.000000 2027.000000 3142.000000 2038.000000 3139.000000 2051.000000 3118.000000 2036.000000 
		}
	}
	outgoing={
		name="krakow"
		path={
			279 260 262 
		}
		control={
			3114.000000 1862.000000 3109.000000 1867.000000 3103.000000 1871.000000 3094.000000 1880.000000 3081.000000 1882.000000 3072.000000 1880.000000 3062.000000 1882.000000 3047.000000 1881.000000 3039.000000 1878.000000 3024.000000 1876.000000 3015.000000 1871.000000 2996.000000 1866.000000 2978.000000 1856.000000 2973.000000 1851.000000 2968.000000 1848.000000 2961.000000 1845.000000 
		}
	}
	outgoing={
		name="south_baltic"
		path={
			279 260 262 
		}
		control={
			3114.000000 1862.000000 3116.000000 1868.000000 3114.000000 1872.000000 3118.000000 1879.000000 3112.000000 1887.000000 3109.000000 1891.000000 3101.000000 1893.000000 3094.000000 1898.000000 3093.000000 1903.000000 3089.000000 1907.000000 3089.000000 1914.000000 3089.000000 1917.000000 3085.000000 1922.000000 3084.000000 1945.000000 3082.000000 1949.000000 3076.000000 1950.000000 3071.000000 1955.000000 3067.000000 1954.000000 3059.000000 1956.000000 3054.000000 1957.000000 3050.000000 1957.000000 3045.000000 1966.000000 3040.000000 1970.000000 3038.000000 1972.000000 3035.000000 1970.000000 3030.000000 1971.000000 3024.000000 1972.000000 3020.000000 1974.000000 3015.000000 1976.000000 3009.000000 1983.000000 2999.000000 1997.000000 2973.000000 1996.000000 2957.000000 1986.000000 2959.000000 1960.000000 2964.000000 1954.000000 2956.000000 1951.000000 2955.000000 1944.000000 2941.000000 1937.000000 
		}
	}
	members={
		270 272 276 278 279 280 289 290 291 292 293 297 770 771 1937 1941 1942 1944 1945 2407 2962 3188 3194 3186 3187 3223 3224 3225 3226 3227 3228 3689 3690 3691 3692 3693 3694 3699 3721 3751 1943 281 4267 4264 4263 4265 4231 4269 4266 4275 4276 4274 4278 4273 4443 4272 4271 4270 
	}
}
novgorod={
	location=33
	color={
		97 126 37 
	}
	outgoing={
		name="baltic_sea"
		path={
			34 36 1926 
		}
		control={
			3107.000000 2039.000000 3097.000000 2042.000000 3081.000000 2046.000000 3085.000000 2054.000000 3078.000000 2050.000000 3067.000000 2041.000000 3030.000000 2037.000000 3023.000000 2032.000000 3015.000000 2036.000000 2987.000000 2034.000000 2968.000000 2037.000000 2942.000000 2038.000000 
		}
	}
	outgoing={
		name="south_baltic"
		path={
			34 36 1926 
		}
		control={
			3107.000000 2039.000000 3097.000000 2042.000000 3081.000000 2046.000000 3085.000000 2054.000000 3078.000000 2050.000000 3067.000000 2041.000000 3030.000000 2037.000000 3023.000000 2032.000000 3015.000000 2036.000000 2998.000000 2030.000000 2975.000000 2015.000000 2957.000000 1986.000000 2959.000000 1960.000000 2964.000000 1954.000000 2956.000000 1951.000000 2955.000000 1944.000000 2941.000000 1937.000000 
		}
	}
	outgoing={
		name="white_sea"
		path={
			1261 309 1652 
		}
		control={
			3118.000000 2036.000000 3139.000000 2051.000000 3153.000000 2051.000000 3161.000000 2055.000000 3168.000000 2060.000000 3172.000000 2059.000000 3179.000000 2061.000000 3185.000000 2063.000000 3194.000000 2061.000000 3196.000000 2070.000000 3193.000000 2078.000000 3194.000000 2093.000000 3181.000000 2099.000000 3167.000000 2129.000000 3180.000000 2147.000000 
		}
	}
	members={
		30 32 33 34 274 275 309 310 311 312 314 1959 1960 1961 2749 3157 3179 3182 3189 3165 3184 3158 3159 3160 3180 3221 3222 3632 3713 3714 4277 4306 4288 4290 4289 4287 4286 4285 4292 4291 4295 4294 4296 4293 
	}
}
cuiaba={
	location=800
	outgoing={
		name="laplata"
		path={
			800 1536 
		}
		control={
			1725.000000 669.000000 1737.000000 615.000000 1682.000000 478.000000 1734.699951 445.709991 
		}
	}
	outgoing={
		name="lima"
		path={
			800 809 
		}
		control={
			1626.000000 782.000000 1544.000000 798.000000 1509.000000 790.000000 1474.000000 813.000000 
		}
	}
	members={
		791 800 2882 799 2881 2903 2902 2904 2901 2832 803 801 2835 2834 2838 794 2942 797 802 2831 2941 2940 2946 795 793 2900 796 2840 2839 2837 792 2841 2836 
	}
}
laplata={
	location=1536
	outgoing={
		name="brazil"
		path={
			1535 1534 1533 1532 1531 
		}
		control={
			1842.000000 478.000000 1914.000000 598.000000 2005.000000 642.000000 2059.000000 776.000000 
		}
	}
	members={
		772 773 775 776 777 778 779 790 1536 2842 2843 2844 2883 2845 2846 2847 2848 2849 2850 2851 2852 2853 2854 2855 2857 2858 2859 2860 2861 2862 2865 2866 2867 2877 2878 2879 2884 2887 
	}
}
lima={
	location=809
	outgoing={
		name="panama"
		path={
			1545 1546 1547 1548 835 
		}
		control={
			1410.000000 823.000000 1349.000000 918.000000 1368.000000 1020.000000 1409.000000 1078.000000 
		}
	}
	members={
		1544 804 805 806 807 808 809 810 811 814 1988 2828 2829 2830 2833 2944 2947 820 818 822 2818 823 2817 2816 2814 2820 817 815 821 2823 2945 819 816 2824 2821 2943 813 812 2825 2827 2822 2826 
	}
}
brazil={
	location=1531
	outgoing={
		name="ivory_coast"
		path={
			1596 1597 1586 1585 1466 
		}
		control={
			2349.000000 947.000000 2544.000000 993.000000 
		}
	}
	members={
		1531 750 751 752 753 754 755 756 757 758 759 760 761 762 763 764 765 766 768 769 2885 2886 2888 2891 2892 2893 2894 2895 2896 2897 2898 2899 2905 2906 2907 2908 2912 2913 2914 2915 2916 2917 2918 2919 2920 2921 2922 
	}
}
timbuktu={
	location=1132
	inland=yes
	outgoing={
		name="safi"
		path={
			1127 346 344 345 
		}
		control={
			2599.000000 1315.000000 2568.000000 1387.000000 2559.000000 1450.000000 2547.000000 1488.000000 2512.000000 1512.000000 
		}
	}
	outgoing={
		name="ivory_coast"
		path={
			2263 1135 2252 2255 2257 1466 
		}
		control={
			2594.000000 1237.000000 2586.000000 1196.000000 2600.000000 1146.000000 2603.000000 1123.000000 2603.000000 1104.000000 
		}
	}
	members={
		2291 1115 1116 2237 2238 2240 1122 1125 2251 1135 1137 2265 2266 1136 2295 2256 2267 2252 2253 2254 2255 1138 1140 1129 2247 1117 1120 1121 1124 1123 1130 1131 1132 1134 1133 1142 2243 2245 2246 2248 2249 2250 2259 2260 2261 2262 2263 2264 2268 2269 2270 2271 2244 3322 3323 3325 3326 
	}
}
ivory_coast={
	location=1466
	outgoing={
		name="carribean_trade"
		path={
			1467 1468 1579 1577 1576 1522 1520 1519 1517 1516 
		}
		control={
			2539.000000 1001.000000 2343.000000 956.000000 2126.000000 928.000000 1958.000000 1023.000000 1862.000000 1102.000000 1753.000000 1150.000000 1690.390015 1187.869995 1659.000000 1184.000000 1574.000000 1236.000000 1505.000000 1244.000000 
		}
	}
	outgoing={
		name="bordeaux"
		path={
			1467 1468 1470 1471 1566 1563 
		}
		control={
			2574.000000 1060.000000 2498.330078 1059.739990 2447.000000 1098.000000 2415.000000 1118.000000 2386.040039 1152.969971 2352.000000 1204.000000 2349.000000 1274.000000 2357.000000 1366.000000 2405.000000 1441.000000 2402.090088 1478.869995 2469.000000 1548.000000 2481.000000 1607.000000 2491.000000 1633.000000 2471.280029 1628.599976 2485.000000 1716.000000 2521.000000 1730.000000 2588.000000 1723.000000 2610.000000 1730.000000 
		}
	}
	outgoing={
		name="english_channel"
		path={
			1467 1468 1470 1471 1566 1563 
		}
		control={
			2479.000000 1044.000000 2383.000000 1127.000000 2323.000000 1229.000000 2320.000000 1367.000000 2400.000000 1528.000000 2448.000000 1701.000000 2511.000000 1772.000000 2538.000000 1832.000000 2572.000000 1840.000000 2623.000000 1849.000000 2663.000000 1863.000000 2658.000000 1873.000000 2684.000000 1888.000000 
		}
	}
	outgoing={
		name="sevilla"
		path={
			1467 1468 1470 1471 1566 1563 
		}
		control={
			2590.000000 1075.000000 2571.000000 1080.000000 2566.000000 1086.000000 2557.000000 1080.000000 2518.000000 1067.000000 2483.000000 1089.000000 2440.000000 1117.000000 2414.000000 1153.000000 2377.780029 1175.959961 2356.000000 1227.000000 2362.000000 1235.000000 2356.000000 1244.000000 2366.000000 1283.000000 2362.000000 1330.000000 2367.000000 1338.000000 2360.000000 1357.000000 2413.000000 1434.000000 2434.000000 1457.000000 2476.000000 1481.000000 2479.000000 1525.000000 2525.000000 1557.000000 2537.000000 1580.000000 
		}
	}
	members={
		1164 1165 1166 1167 2239 1096 1112 1113 1114 2241 1466 1097 1098 1118 1119 1126 1139 1141 1147 1151 1163 1172 2242 2258 2290 2294 3317 1111 2602 2606 3521 2509 3572 3570 3520 3519 2505 3500 2257 1306 
	}
}
ragusa={
	location=137
	outgoing={
		name="wien"
		path={
			139 140 1767 1864 135 134 
		}
		control={
			2897.000000 1706.000000 2878.000000 1721.000000 2864.000000 1731.000000 2856.000000 1740.000000 2853.000000 1745.000000 2847.000000 1746.000000 2843.000000 1756.000000 2851.000000 1760.000000 2870.000000 1771.000000 2884.000000 1780.000000 2889.000000 1796.000000 
		}
	}
	outgoing={
		name="venice"
		path={
			136 1308 
		}
		control={
			2900.000000 1703.000000 2870.000000 1705.000000 2857.000000 1717.000000 2851.000000 1719.000000 2850.000000 1725.000000 2834.000000 1742.000000 
		}
	}
	outgoing={
		name="genua"
		path={
			1310 1311 1307 1304 1303 1298 1297 
		}
		control={
			2910.000000 1688.000000 2922.000000 1672.000000 2928.000000 1659.000000 2918.000000 1643.000000 2893.000000 1616.000000 2879.000000 1621.000000 2881.000000 1633.000000 2871.000000 1654.000000 2851.000000 1668.000000 2853.000000 1675.000000 2839.000000 1678.000000 2817.000000 1682.000000 2797.000000 1702.000000 2792.000000 1708.000000 2796.000000 1722.000000 2789.000000 1724.000000 
		}
	}
	members={
		131 136 137 138 139 142 143 152 1766 1827 1831 3000 3002 3031 3032 3036 3098 3099 3100 3102 3103 3097 3763 3764 3765 3768 3769 3772 1826 1828 3101 3150 3283 3284 3753 4014 4372 4371 4370 4016 4456 4458 4459 4460 4461 4462 4463 4464 4465 4466 
	}
}
safi={
	location=345
	color={
		191 110 62 
	}
	outgoing={
		name="sevilla"
		path={
			342 1293 
		}
		control={
			2512.000000 1540.000000 2535.000000 1556.000000 
		}
	}
	members={
		337 344 345 346 347 348 1110 1127 2460 2464 2466 2467 2468 2469 2470 366 368 2461 2463 2465 336 342 343 349 1128 3299 3298 3295 3294 3301 3302 3303 3309 3304 3315 3316 3321 3319 3320 3318 3328 3324 3826 3827 3928 3929 3930 3931 3932 3933 3934 3935 3940 3941 3942 3943 3944 3945 3946 3947 3948 
	}
}
krakow={
	location=262
	inland=yes
	outgoing={
		name="wien"
		path={
			154 1772 134 
		}
		control={
			2949.000000 1843.000000 2945.000000 1841.000000 2937.000000 1843.000000 2934.000000 1840.000000 2923.000000 1840.000000 2920.000000 1836.000000 2916.000000 1834.000000 2911.000000 1833.000000 2907.000000 1831.000000 2909.000000 1827.000000 2909.000000 1824.000000 2903.000000 1818.000000 2900.000000 1810.000000 2902.000000 1806.000000 
		}
	}
	outgoing={
		name="saxony"
		path={
			263 264 1763 
		}
		control={
			2949.000000 1843.000000 2945.000000 1841.000000 2937.000000 1843.000000 2934.000000 1840.000000 2923.000000 1840.000000 2921.000000 1846.000000 2918.000000 1850.000000 2915.000000 1855.000000 2909.000000 1858.000000 2901.000000 1865.000000 2894.000000 1866.000000 2893.000000 1872.000000 2885.000000 1874.000000 2881.000000 1880.000000 2874.000000 1880.000000 2867.000000 1881.000000 2858.000000 1882.000000 2854.000000 1881.000000 
		}
	}
	outgoing={
		name="south_baltic"
		path={
			258 255 1859 43 1927 1926 
		}
		control={
			2957.000000 1844.000000 2961.000000 1845.000000 2968.000000 1848.000000 2973.000000 1851.000000 2978.000000 1856.000000 2977.000000 1860.000000 2977.000000 1865.000000 2978.000000 1870.000000 2971.000000 1875.000000 2967.000000 1882.000000 2960.000000 1888.000000 2954.000000 1887.000000 2948.000000 1888.000000 2942.000000 1891.000000 2933.000000 1894.000000 2929.000000 1898.000000 2924.000000 1900.000000 2920.000000 1901.000000 2923.000000 1905.000000 2926.000000 1907.000000 2929.000000 1909.000000 2931.000000 1913.000000 2931.000000 1916.000000 2931.000000 1920.000000 
		}
	}
	members={
		258 259 260 262 263 264 269 277 1940 256 257 1938 1939 254 255 2424 2959 2960 2961 2966 3230 3245 3246 3247 3248 3249 3257 3258 3732 3733 261 4222 4221 4215 4212 4210 4128 4451 4452 4167 4159 4225 4216 4217 4227 4218 4226 4219 4220 4230 4229 4228 4164 4166 4158 4453 4214 
	}
}
wien={
	location=134
	color={
		220 220 220 
	}
	inland=yes
	outgoing={
		name="venice"
		path={
			132 128 1769 1308 
		}
		control={
			2889.000000 1796.000000 2884.000000 1780.000000 2870.000000 1771.000000 2851.000000 1760.000000 2839.000000 1759.000000 
		}
	}
	outgoing={
		name="rheinland"
		path={
			133 64 1757 67 66 79 1876 
		}
		control={
			2881.000000 1812.000000 2875.000000 1808.000000 2866.000000 1807.000000 2859.000000 1810.000000 2856.000000 1810.000000 2855.000000 1812.000000 2851.000000 1813.000000 2849.000000 1814.000000 2842.000000 1816.000000 2837.000000 1819.000000 2828.000000 1823.000000 2822.000000 1822.000000 2809.000000 1828.000000 2799.000000 1833.000000 2793.000000 1836.000000 2788.000000 1843.000000 2784.000000 1837.000000 2775.000000 1844.000000 
		}
	}
	outgoing={
		name="saxony"
		path={
			1770 267 266 1771 61 59 
		}
		control={
			2881.000000 1812.000000 2872.000000 1818.000000 2861.000000 1819.000000 2862.000000 1825.000000 2858.000000 1833.000000 2862.000000 1837.000000 2861.000000 1841.000000 2862.000000 1844.000000 2860.000000 1846.000000 2862.000000 1849.000000 2859.000000 1852.000000 2856.000000 1853.000000 2859.000000 1858.000000 2850.000000 1863.000000 2846.000000 1868.000000 
		}
	}
	members={
		64 65 67 68 71 73 76 128 132 133 134 135 265 1757 1768 1770 1772 1863 1868 1872 2955 2956 2957 3047 3148 3240 3241 3242 3244 3288 3289 3835 4174 4173 3998 4153 3995 3996 4157 4152 3997 3999 4172 4171 4150 4151 4147 4160 4146 4149 4148 
	}
}
saxony={
	location=59
	inland=yes
	outgoing={
		name="rheinland"
		path={
			62 63 79 81 1876 
		}
		control={
			2839.000000 1873.000000 2820.000000 1865.000000 2791.000000 1858.000000 
		}
	}
	outgoing={
		name="lubeck"
		path={
			58 52 51 46 45 
		}
		control={
			2839.000000 1888.000000 2831.000000 1889.000000 2826.000000 1896.000000 2819.000000 1900.000000 2804.000000 1906.000000 
		}
	}
	members={
		57 62 63 66 1762 60 61 266 267 1763 1771 52 58 59 2965 2967 2968 2970 2972 3146 3243 3280 3281 3278 4156 4454 4170 4155 4154 4165 4161 4168 4136 4135 4134 4133 4138 4139 4132 4131 4130 4129 
	}
}
baltic_sea={
	location=1
	color={
		8 82 165 
	}
	inland=yes
	outgoing={
		name="lubeck"
		path={
			1255 1257 1925 45 
		}
		control={
			2935.320068 2032.000000 2941.000000 2026.000000 2911.000000 2007.000000 2899.000000 1967.000000 2883.000000 1953.000000 2850.000000 1943.000000 2825.000000 1927.000000 
		}
	}
	members={
		1 2 3 4 5 1985 8 9 10 11 18 19 25 27 28 29 1930 3207 3205 3206 3204 3219 3220 3724 3725 3726 3727 7 31 1982 3214 3215 4208 4209 4207 4189 4188 4187 4184 4186 4185 4190 4191 4192 4193 4196 4194 4206 4195 
	}
}
south_baltic={
	location=43
	color={
		9 47 168 
	}
	inland=yes
	outgoing={
		name="lubeck"
		path={
			1255 1257 1925 45 
		}
		control={
			2930.000000 1938.000000 2895.000000 1935.000000 2868.000000 1926.000000 2847.000000 1936.000000 2825.000000 1927.000000 
		}
	}
	outgoing={
		name="north_sea"
		path={
			1255 1257 1925 45 
		}
		control={
			2935.000000 1940.000000 2895.040039 1937.459961 2867.000000 1929.000000 2850.000000 1938.000000 2837.000000 1937.000000 2835.000000 1944.000000 2835.000000 1957.000000 2830.000000 1964.000000 2825.000000 1970.000000 2813.000000 1989.000000 2791.000000 2000.000000 2751.000000 1991.000000 2721.000000 1999.000000 
		}
	}
	members={
		2997 43 1841 2958 1859 42 767 41 3231 40 3695 1936 3697 3698 271 39 3212 1935 38 273 3211 1834 37 1842 3729 36 3210 3728 25 2995 48 3734 2963 3213 3696 3229 35 4224 4223 4445 4213 4126 4446 4211 4444 4442 4280 4279 4281 4441 4440 4439 4437 4438 4284 4282 4283 4436 4435 
	}
}
rheinland={
	location=1876
	color={
		243 201 33 
	}
	inland=yes
	outgoing={
		name="champagne"
		path={
			83 1760 80 188 187 186 
		}
		control={
			2766.000000 1842.000000 2760.000000 1841.000000 2754.000000 1848.000000 2749.000000 1845.000000 2744.000000 1839.000000 2738.000000 1836.000000 2732.000000 1830.000000 2731.000000 1824.000000 2729.000000 1817.000000 2714.000000 1815.000000 2707.000000 1818.000000 
		}
	}
	outgoing={
		name="lubeck"
		path={
			1762 57 53 1857 45 
		}
		control={
			2786.000000 1856.000000 2788.000000 1861.000000 2785.000000 1865.000000 2786.000000 1869.000000 2785.000000 1873.000000 2783.000000 1876.000000 2784.000000 1880.000000 2782.000000 1883.000000 2778.000000 1884.000000 2776.000000 1887.000000 2779.000000 1892.000000 2780.000000 1898.000000 2776.000000 1901.000000 2769.000000 1905.000000 2769.000000 1911.000000 2769.000000 1918.000000 2778.000000 1917.000000 2785.000000 1912.000000 2787.000000 1909.000000 2795.000000 1908.000000 2801.000000 1908.000000 2803.000000 1914.000000 
		}
	}
	members={
		69 70 72 74 75 77 78 79 80 81 82 83 84 85 165 166 188 189 1760 1761 1869 1870 1873 1876 1878 1880 3010 3011 3045 4145 4144 4143 4080 4142 4141 4140 4114 4112 4111 4110 4113 4141 4137 
	}
}
panama={
	location=835
	outgoing={
		name="carribean_trade"
		path={
			1515 1517 1516 
		}
		control={
			1395.000000 1180.000000 1414.000000 1237.000000 
		}
	}
	members={
		824 825 826 827 828 829 832 835 836 837 838 839 840 2002 2637 2640 2660 2661 2662 2663 2664 2813 2819 2653 2636 
	}
}
carribean_trade={
	location=1516
	outgoing={
		name="chesapeake_bay"
		path={
			1524 1503 1502 1501 1500 
		}
		control={
			1484.000000 1330.000000 1448.000000 1367.000000 1430.000000 1403.000000 1435.000000 1434.000000 1399.000000 1506.000000 1471.000000 1568.000000 1492.000000 1608.000000 
		}
	}
	outgoing={
		name="bordeaux"
		path={
			488 490 1526 1575 1583 1580 1567 1563 
		}
		control={
			1515.000000 1276.000000 1562.000000 1287.000000 1606.000000 1327.000000 1731.000000 1411.000000 1907.000000 1509.000000 2108.000000 1618.000000 2210.000000 1645.000000 2293.000000 1596.000000 2443.000000 1623.000000 2466.000000 1678.000000 2485.000000 1725.000000 2513.000000 1733.000000 2599.000000 1726.000000 
		}
	}
	outgoing={
		name="sevilla"
		path={
			488 490 1526 1575 1583 1580 1567 1563 
		}
		control={
			1515.010010 1270.819946 1569.000000 1286.000000 1590.000000 1308.000000 1678.000000 1368.000000 1800.000000 1438.000000 2067.000000 1590.000000 2181.000000 1625.000000 2288.000000 1587.000000 2455.000000 1617.000000 2491.000000 1633.000000 2492.000000 1605.000000 
		}
	}
	members={
		1813 1516 481 482 483 484 485 486 487 488 489 490 491 492 493 494 495 496 497 498 499 500 501 502 741 831 926 1881 2654 2655 2656 2658 2659 2535 2536 2803 2805 2808 2809 2939 2806 830 2807 927 2534 928 923 2533 3355 3356 3357 1814 
	}
}
chesapeake_bay={
	location=1500
	color={
		193 26 14 
	}
	outgoing={
		name="st_lawrence"
		path={
			965 963 969 2012 986 1490 
		}
		control={
			1546.000000 1677.000000 1615.000000 1712.000000 1703.000000 1761.000000 
		}
	}
	outgoing={
		name="english_channel"
		path={
			1570 1572 1582 1568 1564 1563 
		}
		control={
			1549.000000 1671.000000 1627.000000 1710.000000 1808.000000 1775.000000 2004.000000 1870.000000 2332.000000 1878.000000 2521.719971 1830.290039 2599.000000 1837.000000 2665.000000 1862.000000 2692.000000 1878.000000 
		}
	}
	members={
		1500 924 929 930 931 932 933 936 937 938 949 950 952 953 955 956 957 962 963 965 966 967 968 969 970 2010 2011 2013 2023 2537 2538 2539 2540 2541 2542 2543 2544 2545 2546 2547 2549 2550 2552 2553 2554 2556 2557 2558 2560 2561 2562 2564 2565 2639 925 
	}
}
james_bay={
	location=1486
	outgoing={
		name="st_lawrence"
		path={
			1000 1002 992 993 990 994 1490 
		}
		control={
			1383.000000 1924.000000 1395.000000 1892.000000 1401.000000 1871.000000 1402.000000 1864.000000 1414.000000 1859.000000 1424.000000 1848.000000 1429.000000 1830.000000 1429.000000 1810.000000 1434.000000 1763.000000 1464.000000 1759.000000 1483.000000 1756.000000 1502.000000 1773.000000 1523.000000 1782.000000 1539.000000 1794.000000 1558.000000 1814.000000 1597.000000 1833.000000 1626.000000 1835.000000 
		}
	}
	members={
		1486 997 998 999 1000 1003 1004 1005 1006 1008 1009 1010 1011 1805 1806 1807 1811 2004 2016 2017 2018 2589 2590 2591 2592 2593 2594 2596 2597 2599 2603 2511 2574 2575 2588 1002 1104 1105 1804 3185 
	}
}
st_lawrence={
	location=1490
	color={
		193 192 14 
	}
	outgoing={
		name="north_sea"
		path={
			1493 1496 1497 1498 1478 1476 1282 1975 
		}
		control={
			1690.000000 1832.000000 1763.000000 1876.000000 2097.000000 1994.000000 2302.000000 2052.000000 2545.000000 2057.000000 2599.000000 2034.000000 2614.000000 1992.000000 2623.000000 1959.000000 
		}
	}
	outgoing={
		name="bordeaux"
		path={
			1491 1494 1495 1565 1564 1479 1563 
		}
		control={
			1708.000000 1794.000000 1808.000000 1775.000000 2008.000000 1862.000000 2329.000000 1870.000000 2506.000000 1824.000000 2579.000000 1792.000000 
		}
	}
	members={
		959 960 961 964 971 980 981 982 983 984 985 986 989 990 991 992 993 994 995 996 2012 1490 2566 2567 2568 2569 2570 2571 2572 2573 2576 2577 2578 2579 2580 2581 2582 2583 2584 2585 2559 2563 
	}
}
white_sea={
	location=1652
	color={
		210 46 28 
	}
	outgoing={
		name="north_sea"
		path={
			1263 1264 1265 1929 1266 1975 
		}
		control={
			3283.000000 2213.000000 3169.000000 2267.000000 3033.000000 2294.000000 2865.000000 2257.000000 2797.000000 2167.000000 2701.000000 2096.000000 2711.000000 2015.000000 
		}
	}
	members={
		1652 313 1755 1776 1777 1955 1958 1964 2425 2426 3164 1780 3198 3715 3716 3718 3719 3730 3731 3738 4299 4298 4297 4300 4301 4318 4317 4319 4303 4302 4304 4305 
	}
}
north_sea={
	location=1975
	color={
		117 165 188 
	}
	outgoing={
		name="english_channel"
		path={
			1270 236 
		}
		control={
			2636.000000 1954.000000 2629.000000 1932.000000 2638.000000 1920.000000 2643.389893 1907.449951 2651.000000 1901.000000 2665.000000 1898.000000 
		}
	}
	outgoing={
		name="lubeck"
		path={
			1266 1267 1259 1258 1925 45 
		}
		control={
			2717.000000 2002.000000 2751.000000 1995.000000 2777.000000 2003.000000 2799.000000 2017.000000 2802.000000 2025.000000 2805.000000 2016.000000 2817.000000 1990.000000 2825.000000 1970.000000 2830.000000 1964.000000 2835.000000 1957.000000 2835.000000 1944.000000 2825.000000 1927.000000 
		}
	}
	members={
		1975 20 21 22 23 24 248 249 250 251 252 253 315 369 370 371 1978 1979 2752 246 247 372 373 374 375 376 244 245 3025 3026 3027 3028 3029 3086 3087 3088 3089 3217 3273 3274 3275 3276 3277 3279 3290 3488 3489 3626 3788 3792 3793 16 17 1279 1280 1266 4097 4096 4098 4099 4100 4101 4102 4103 4105 4104 4106 4108 4107 4362 4363 4361 4197 4199 4202 4201 4203 4204 4205 4180 4523 4524 4525 4526 
	}
}
lubeck={
	location=45
	color={
		190 70 70 
	}
	outgoing={
		name="english_channel"
		path={
			1857 44 1268 1269 1744 
		}
		control={
			2801.000000 1908.000000 2801.000000 1908.000000 2787.000000 1909.000000 2785.000000 1912.000000 2778.000000 1917.000000 2769.000000 1918.000000 2769.000000 1908.000000 2763.000000 1917.000000 2745.000000 1915.000000 2717.000000 1910.000000 2700.000000 1899.000000 
		}
	}
	members={
		6 12 13 14 15 26 44 45 46 47 50 53 54 55 1775 1857 1874 49 1858 1981 1983 1984 1931 2969 2993 2994 2996 3145 3147 3209 3208 3216 3218 3631 1758 2964 2971 3282 51 1759 56 86 2973 4115 4116 4447 4127 4448 4125 4124 4449 4122 4123 4450 4120 4119 4118 4117 4121 4177 4178 4182 4183 4181 4179 
	}
}
bordeaux={
	location=1276
	color={
		36 132 247 
	}
	outgoing={
		name="champagne"
		path={
			1275 172 178 184 185 
		}
		control={
			2612.000000 1768.000000 2600.000000 1778.000000 2594.000000 1787.000000 2600.000000 1788.000000 2604.000000 1790.000000 2610.000000 1788.000000 2617.000000 1791.000000 2622.000000 1792.000000 2625.000000 1791.000000 2630.000000 1792.000000 2636.000000 1790.000000 2642.000000 1791.000000 2648.000000 1793.000000 2651.000000 1793.000000 2656.000000 1796.000000 2660.000000 1798.000000 2664.000000 1801.000000 2675.000000 1802.000000 2682.000000 1811.000000 2686.000000 1813.000000 2689.000000 1813.000000 2694.000000 1814.000000 
		}
	}
	members={
		1276 171 172 173 174 175 176 180 194 209 210 1745 178 179 190 195 196 198 199 3058 3059 3061 3062 3063 3064 3065 3066 3067 3068 3069 3633 3634 3781 3783 3975 3977 3986 4051 4054 4052 4053 4162 4050 4049 4055 4058 4056 4065 4062 4061 
	}
}
sevilla={
	location=1293
	color={
		57 160 101 
	}
	outgoing={
		name="barcelona"
		path={
			1293 1294 1295 
		}
		control={
			2557.000000 1590.000000 2576.000000 1598.000000 2606.000000 1597.000000 2630.000000 1617.000000 2630.000000 1626.000000 2639.000000 1631.000000 2654.000000 1669.000000 
		}
	}
	members={
		206 207 208 215 216 231 232 1293 218 219 222 223 224 225 226 227 228 229 230 334 335 367 1747 1748 1749 1751 1851 2754 3076 3077 3078 3080 3081 3084 3085 3296 3297 3630 3938 3966 3967 3968 3971 3970 3969 3952 3961 3960 3963 3964 3959 3953 3954 3955 3972 3974 3973 
	}
}
barcelona={
	location=213
	color={
		101 160 57 
	}
	outgoing={
		name="genua"
		path={
			1295 1296 
		}
		control={
			2678.000000 1682.000000 2690.000000 1692.000000 2691.000000 1704.000000 2690.000000 1716.000000 2696.000000 1715.000000 2718.000000 1717.000000 2718.000000 1713.000000 2736.000000 1707.000000 2769.000000 1730.000000 
		}
	}
	members={
		197 212 213 2988 3073 220 1750 2990 3072 214 2987 3071 211 2753 333 3074 2989 2755 2751 3075 221 3083 3079 3082 1746 217 3628 3629 200 201 202 2991 3782 3962 3958 3956 3957 3990 3983 3976 3991 3992 3979 3982 3988 3989 3980 3984 3978 3981 3985 4042 4036 4035 3987 4048 4047 4043 3965 
	}
}
champagne={
	location=186
	color={
		193 26 14 
	}
	inland=yes
	outgoing={
		name="english_channel"
		path={
			181 1866 92 1744 1269 
		}
		control={
			2695.000000 1814.000000 2691.000000 1814.000000 2688.000000 1813.000000 2684.000000 1813.000000 2682.000000 1811.000000 2677.000000 1814.000000 2674.000000 1816.000000 2672.000000 1819.000000 2671.000000 1823.000000 2667.000000 1822.000000 2661.000000 1824.000000 2656.000000 1827.000000 2653.000000 1829.000000 2653.000000 1831.000000 2649.000000 1831.000000 2647.000000 1833.000000 2645.000000 1831.000000 2644.000000 1833.000000 2640.000000 1832.000000 2634.000000 1834.000000 2638.000000 1844.000000 2664.000000 1860.000000 2704.000000 1885.000000 
		}
	}
	outgoing={
		name="genua"
		path={
			187 193 203 204 201 1297 
		}
		control={
			2702.000000 1807.000000 2706.000000 1804.000000 2716.000000 1788.000000 2713.000000 1783.000000 2713.000000 1778.000000 2711.000000 1770.000000 2711.000000 1766.000000 2712.000000 1762.000000 2711.000000 1755.000000 2712.000000 1748.000000 2710.000000 1740.000000 2711.000000 1733.000000 2709.000000 1727.000000 2704.000000 1723.000000 2696.000000 1715.000000 2718.000000 1713.000000 2736.000000 1707.000000 2769.000000 1730.000000 
		}
	}
	members={
		93 94 177 181 182 183 184 185 186 187 191 192 193 1743 1866 1877 1879 3012 3048 3049 3050 3057 3060 3635 3790 3791 203 204 205 1867 3413 4068 4069 4037 4038 4039 4041 4040 4044 4045 4046 4076 4077 4163 4074 4075 4071 4073 4078 4079 4072 4070 
	}
}
venice={
	location=1308
	color={
		54 167 156 
	}
	members={
		1308 104 107 108 109 110 111 112 113 114 129 130 1769 1774 1862 119 120 122 1933 2976 2977 2978 2985 3005 3008 3009 3015 3017 3039 3042 3043 3044 3046 3149 3829 4002 4384 4024 4023 4022 4020 4019 4009 4010 4011 4176 4175 4015 4001 4000 
	}
	end=yes
}
genua={
	location=101
	color={
		218 215 56 
	}
	inland=yes
	members={
		121 123 124 101 102 103 1871 1875 105 106 115 116 117 118 1247 1934 2979 2980 2981 2982 2983 2984 2992 3004 3016 3021 3030 3037 3040 3041 3038 3014 3013 125 126 127 2986 3019 3020 4005 4003 4004 4006 4007 4008 4013 4017 4018 4021 4026 4027 4025 4028 4034 4029 4030 4031 4032 4012 
	}
	end=yes
}
english_channel={
	location=1269
	color={
		220 138 57 
	}
	members={
		233 234 235 236 237 238 239 240 241 242 243 1860 1861 87 88 90 95 96 97 98 99 100 1744 1865 89 167 168 1269 1270 1271 1272 3052 3053 3056 3070 3090 3091 3092 3093 3094 3095 169 170 3022 3023 3779 3780 3784 3785 3786 3787 3789 91 92 1742 2974 2975 3024 3051 3054 3055 4057 4059 4060 4063 4064 4066 4067 4081 4082 4083 4084 4085 4086 4087 4088 4089 4090 4091 4092 4094 4093 4095  4109 
	}
	end=yes
}
